100
36946610
60001710
94730001
37041739
25132389
7270295
23778049
69871345
81880233
25541448
62080978
24504679
54304169
30513424
58449104
38072516
45243839
6893343
54794980
9103438
2841616
23706735
61223285
33417462
18921401
77782467
96853998
57541241
93579504
19869713
30378633
8027890
26575606
4109036
99915717
55771643
62222377
88737801
43197908
59690493
86270262
21745788
34296197
83551630
12547791
62188449
87952483
17026853
54938409
76061813
44946828
67655670
20749459
59565889
67157175
28421786
38697977
50420097
55829931
4077892
88719086
4056418
75850591
2690293
5299833
41468638
20578786
4647045
67088789
62088042
59342460
57717279
95306163
25045294
69521073
36662394
19600128
16267118
46546949
31813194
60055242
41308708
63027080
57833409
62857247
26595722
45078894
10675211
827381
94991888
13377844
1083466
45782698
56097831
11584969
58490532
44860471
21982161
42658151
33364637
