1000
22185431
37122341
89014559
85506381
2008694
13469389
83051043
88256275
37254188
55956539
89431090
55906150
84443844
30031737
48218872
26430683
53832763
28567958
23117809
64136964
93368438
64198726
2867640
36710587
21294413
39318511
35930858
42509496
23419845
83138873
24934535
59818454
79881942
14311021
24646602
30688489
77108184
91944430
85931271
37391637
36279232
62963427
39079807
61389114
60779724
53760199
44602879
85986344
77222135
61049956
57745164
33677503
76339182
15458626
30165545
10791226
90240186
89178287
82938353
44466493
29688259
55851088
85567366
28065187
17958947
18285095
99932102
16904217
43011291
91567261
1730933
43619208
77996953
94998719
29249751
58879991
66891097
64643598
31064539
77851795
97411769
93049929
65689241
13733843
49211159
51575047
39209670
85000944
7103456
49029477
16142100
24183380
69161231
37972841
99735661
28668055
47882068
98185783
7671988
31459536
35948992
89865808
74450330
80357738
45919209
21771362
54935131
60957841
7964289
307331
3902830
12147910
39842709
70650936
63702848
49627855
69880980
64071224
9270801
95491826
52934394
75098260
13018911
28030314
57484654
85671198
9213924
48747021
5600342
20379203
6736183
14334810
53339363
57380449
17275828
87279391
26048053
61673611
54832152
24485416
10847876
19392193
48805773
67297500
17860990
99672568
3104824
45901644
82207945
80885795
25141931
26858380
53218513
41251913
86189065
14715633
96477083
46767142
60368233
98448853
32236722
89907430
48733532
94521103
45204192
2849529
15620237
18356438
535420
29986501
78827994
44098856
34820514
57620008
99006029
49391277
67491931
3527711
38656772
22659901
84216845
97872661
83121549
80084087
29609081
67845295
30449493
5506873
85777612
39789903
6662760
33194738
57718752
88165649
47039194
8151779
13486113
43058291
34527654
14482925
5691732
83787717
13788499
5515938
54899649
566961
54884041
4498609
22227014
5299660
84377461
89558033
49410297
63180615
58619951
34632748
18229016
77203161
76321231
87649884
99697445
28083670
32433061
7312191
85120502
63264302
78970006
4279911
30225022
46197602
96981045
35680165
97282897
74250880
98797089
97371560
21495902
98654895
537924
58946963
64576764
53157009
96118557
89046752
2818200
31426300
36998325
61393368
56286924
97668565
82022101
81564327
38110487
54586108
34917161
46434629
46468704
76204905
3369902
57111733
11585361
27790050
20901065
33572659
41181831
38216031
10792187
86140636
14465665
77718545
27504871
958931
80501826
13612800
27832783
85609071
54751287
47051428
43583218
57424730
63205368
13510944
73958333
79072561
46433570
24728180
3842064
28729571
36985818
14468763
80369814
64687566
81503659
72910710
93932269
77723763
96550087
49717792
57213564
33661876
63093816
21391997
14844062
34133678
17669305
10170658
69598737
3353062
82302186
20017048
54274446
23791120
58300332
39206032
56698497
16352723
27165400
20111045
58463148
44986855
75280369
32497512
77904077
71665537
9951878
28340993
10400485
45596854
20781139
56504792
45170997
22096432
74389201
38433239
91184271
62351995
65152430
70185917
42414982
27398446
54429108
11519642
29406940
72363154
52033914
69271938
60714907
73549287
61256269
59224659
15863818
82396643
9198834
22324535
87947961
96068801
4901508
47479425
23783616
97103809
38750752
69095824
95027168
48093717
45874149
81299006
16511826
16303808
52108923
7761154
8682498
4520693
68116609
50547610
92808446
67659374
79992412
6056364
30129873
26020434
1927389
79360727
45288086
1990128
97505380
86480320
32155242
8281037
2009222
31289483
33675946
7236930
93037198
58712579
49209256
14866180
47299857
84879539
32878137
44201388
72596997
35758446
90191356
13266499
85597216
41069705
71623102
19152207
4904600
64985459
84329094
10050469
55331220
85316842
47117086
95151151
64763921
34733952
45053788
96991588
51713330
86632402
9084332
99220568
57981648
15154640
82071873
41381866
10089792
94274662
18864287
86264805
85285672
19550457
50558361
13386860
88948278
80611990
37042856
98400015
67666569
63103276
36548326
15098414
28996438
69232944
31369679
32285127
67688514
21566340
65214428
92333181
57116654
20035380
40379991
64254915
49628233
67214911
58299713
68080813
58688907
2853303
41573322
27667494
346065
44787563
35969874
72604139
37790655
4247411
98873996
46655085
18883196
68471092
46897106
23632643
69669316
7178631
66553148
98655718
81114589
1888912
68755217
27506801
82249871
39864735
25946565
3899450
57028154
18362482
67042443
47478429
14934677
8711614
57663859
22200702
9569494
65009823
58622393
33422136
31201362
23109915
96309547
55079790
3285386
11619386
61824043
70949885
37414183
93524370
85487034
63589620
17858051
98700708
50850058
84200214
70928425
4946928
41757543
1500124
89462634
94321685
85656963
58457275
84302472
21559497
15767970
47447590
64443307
82724664
95154267
59521910
79109003
56270464
60733772
29757854
66602049
8386093
43646629
37632025
75022058
45199546
31902371
70206278
19067530
14093328
68334854
80789962
33715032
65846463
45065873
19985667
28970581
90747177
69392967
66028505
53724246
29374408
44058588
96141272
95935338
44871088
66497222
46450235
73880846
86076734
76011977
46008554
29824759
30125015
24946620
95411676
2029138
46031041
90042856
85856325
32775016
46554087
33089636
32870321
57011872
78749319
16895568
92566782
91259053
41085077
60898824
66812251
4585191
33382484
46949294
1666709
54049858
90280240
13928513
18836779
83569303
87511441
68615183
58360800
59521091
38297979
50783329
86139418
27506220
54428921
51992452
63665863
62015220
84469044
98182725
12445295
16303191
95350809
24844120
52596820
85496698
83606106
29804385
26840988
48469923
62522053
66161903
95360911
39755529
69156230
75902957
34187116
42674076
72774393
78207826
75406706
21925989
69984973
6883953
41442247
58745356
69213698
9546094
95489413
80931695
79398975
68146450
36026138
2171800
69308959
70074330
83335977
70763819
84354889
16175077
93673528
46898196
15590706
3736971
90264927
33184664
26025870
41830158
94763985
2378582
57529414
17871123
42502374
51855112
98701534
48171547
34910102
11717619
77758033
2631208
58030152
41205892
70132011
52219245
44140576
16016180
23452027
11749289
66053796
74991128
55531562
71455095
31418027
70075781
59596754
29911385
36554423
24228592
54478
40745089
76387259
10099333
19702809
28596291
29318604
87121423
6321096
77327143
86723711
28987480
17543714
97707906
36360701
33584667
11579710
57360300
8297449
20706475
30288630
37840760
46674234
55713628
77298488
26238286
35078180
5932280
35388686
34139891
66010449
29000947
80486698
8116450
94908249
61205762
96248119
75837103
73957709
67024152
18476465
7077366
99522507
60301437
17725295
16800202
15199266
30979251
96491134
80912073
91739413
96492818
8912166
19310357
91043568
80571500
90802551
35754343
96550034
21158825
80452849
99453432
39746034
36613225
72001301
29667209
82106969
63915603
98315554
49568157
68885162
91438538
13077018
40300644
42879392
25792244
37502846
95388993
91765700
83636802
96441102
24067060
27643252
35174802
91709139
22139608
22227275
24148441
30678985
66589375
39111694
97472549
1994197
16013232
65924156
50195732
50336539
47531614
26684161
48444283
4627288
19240780
15199855
20392383
89530688
80577668
83064743
99807357
13201517
61281563
84854159
21634299
86519482
96265062
60906170
11085364
96130218
2159579
92315712
86556559
34948875
22953640
28417427
9523222
64814896
51038735
67809838
92343426
1307118
55156331
8397371
16466678
20784288
44718075
62750288
10146916
28118161
29801586
39311466
59579944
13074307
49030172
67522048
70476230
21924602
50553829
73003645
64570378
43236378
46877430
41723713
7965614
18737447
56889737
76117236
32028894
88329285
98001289
37046346
53879890
5887962
89132169
6185768
67231893
1769719
94605603
4704856
50699418
54010855
4191308
28017142
88421248
64088176
3220889
20010919
37563238
80775636
48292025
99168970
59606191
42521446
99562397
60708342
35004811
90204365
2085510
60354268
1566812
65268922
90335057
69854945
49256466
12852784
96009764
1539728
17745352
9557278
51121203
27764023
31024929
1334680
95862478
33879821
95931144
78899846
57125325
24517732
1218259
4580973
34463018
45898403
70093793
3974852
51445165
28403217
90133516
27414141
15891396
46293958
86408777
74858168
37933853
60423615
78615955
43464391
51899154
70655747
82148808
4221926
82153885
30253397
79617248
54340577
15258379
37014497
41101498
77771330
78737125
63850414
62704708
52911861
75389529
50114123
48793602
45314352
91635291
64544188
88320226
13995260
49922356
67714451
41401339
50465575
21144866
90163699
74350449
67715618
72769521
1201556
19162831
31472062
84320410
31455740
56873748
51800316
32250038
39022935
76393372
8843771
65535028
36690728
3982846
21595496
19788051
92530068
73038376
34139747
490859
18119111
91714386
90196466
49597443
65336833
38642927
68606883
56971538
55323554
41229131
58633647
86643520
10519736
42428486
82129317
80331352
6268115
19807182
74889104
81535279
11024295
67627227
14910678
45348232
37770464
22904904
85823085
83736710
47729318
97550035
44067228
82496270
36755225
