10000
79663447
56998722
91864771
60962052
48202209
30076905
92947190
14031237
98499022
23776619
471321
36913872
88624908
88298791
53957142
66509643
12076109
375497
60791487
85159609
3337108
15712835
6958686
38670017
43076657
15105518
74257598
6976056
33032573
11317386
28074138
17337031
23598653
12592533
55401776
18747228
79231266
47316689
86755399
95514844
64339606
95342614
20265106
63653121
81660268
49953229
88440455
71221953
10497897
78515893
8288244
69251526
11360818
63811123
51028596
53657784
74344163
16837861
35859015
27478179
83574585
45730828
59023714
53090037
9000949
17432783
55220927
34367563
55996585
1156746
33685295
283180
67015796
74759656
67091628
2517812
17301870
59566220
47138570
16159862
90805425
76555303
79603101
8964351
41235358
59363961
34106903
20766797
26151708
95724883
18294923
31008023
40426847
51161133
60097706
36637059
10704167
24671347
52873503
49826173
34767339
21333698
50551410
12211290
68177735
17046504
33097243
41366416
47046992
92190964
47041551
54215257
92472354
9714208
35418854
3751625
49756647
59967734
52399441
26388343
95716152
66724070
64125856
17327997
91243915
95583866
31448476
33551846
43255665
80868283
61140635
63769049
94910271
64263322
21704923
28187293
76363472
84372820
21442118
16317055
98390048
98911556
1494732
15825727
9377086
89882371
210806
93230943
90960883
35135431
42790384
91673440
53300714
42266041
48773665
7358597
81176748
92415744
51848856
71799334
99036201
16739208
4893578
11245690
60439396
19892305
34127170
12352967
54484447
38546798
65971521
25148158
78214459
26194384
24698839
442597
90478403
29416585
39525137
18018831
43429451
84850920
356758
50683343
23369564
67229276
86679010
47792145
31446863
8639131
42180963
98879445
12303860
61677744
74068558
37806384
21716859
81459055
85551138
79102730
40888845
51351488
71190096
85795960
72199353
48434037
98616105
33032643
65163546
10593047
87108084
15366457
14469764
74614651
9185091
12367180
90475053
38187099
84600551
20831315
16929993
94115186
12895713
78165850
26050411
14791783
1461092
25961665
76580192
7894404
5701132
14495466
98939982
76930931
85135318
35695596
28147373
19064650
13692046
45948633
51518586
34017295
73456478
29568899
57703767
14066944
56928942
87128111
56616567
14590773
16639375
58782768
19005644
10780157
83179069
50752197
28340272
63585503
55069745
99235887
97988527
38521682
64254549
60902630
14386628
51519285
53618979
69726696
52882733
12261982
8269226
4070889
58418762
72673743
47492489
47355274
32799138
53539704
61351051
31902243
81430648
4586599
30382802
68950679
90339386
92349978
26367407
83113952
29039683
79382884
85593587
13044197
22844323
94461476
53463507
44052989
70962103
58944311
31991548
99611895
3475597
57676553
90361711
59815098
75016402
9639331
8394909
49560422
71797825
85053358
16238606
12960677
96012109
82205960
61336336
59453367
97804151
5523002
82906700
4268858
28821852
27982880
81613143
97369176
20244192
13105845
69704079
34983592
6692720
25027890
30075598
64636385
78005985
2421751
31544937
68398640
4259218
21419462
69126704
98824783
37543417
32212258
1082049
14607005
40441147
82740681
39445449
1117885
3418268
17222338
76321579
57313374
20993020
96083055
96542617
90324050
85556789
35122157
16440458
68140142
82613985
6166673
81582470
55464024
52614573
22088416
72622394
69483361
70598435
82463175
7570968
84944940
37555604
40651394
81136312
63087586
13946815
87436752
29645793
80838871
10753512
96438037
43927664
44463258
983801
28985881
97172519
94646498
43986852
4634202
25854686
34888072
65313989
36204878
55381272
47920905
68467085
93643283
97256805
51605963
35573080
66131224
92607135
98181991
90004223
90601505
22662185
93931978
58534389
60493940
76158833
86220583
69847863
69111123
3558852
46240979
4601898
98539563
62025868
10618949
60535364
19939629
15133768
87565258
60803054
95808237
39211985
50340287
43050051
91539441
52060556
71424057
23599486
43267647
49624238
75053834
76702728
43044016
44201050
97681010
81959770
23399302
60557211
22849183
81939019
56058037
75066421
25594082
4192302
12372588
52265072
7387777
78355582
91793279
76365435
86146628
20008798
97112237
77414695
30481302
32623329
73784751
20749191
76584151
68763705
48080723
64748766
80346740
96825821
14800624
41794551
20956331
31774729
38057525
39513846
19598927
96289319
77319792
24152427
25241200
28597014
16526207
32572658
53649079
51788203
62790333
57708621
55091807
41581173
92901127
91218172
9653173
82077630
22573919
16217934
81023430
14922677
62251849
27404503
73467668
47684271
17396114
47725802
25494402
68423926
71916204
28268024
82769530
60338001
48540777
48777643
58655109
92146750
11245355
21079357
15176569
70355780
25030755
57097464
13878502
81707024
16603384
25836969
16449486
29172861
33086080
98885830
16297296
14751995
99119923
48727174
44240790
28092379
26326322
68556525
45744412
3218641
68067530
63444915
75241984
97447376
16394891
90773863
93315450
18902272
97703616
38570480
34714444
11542150
43105139
75372815
96091131
15684024
53796625
14289795
22299415
62825508
69296842
1552510
61399075
67104980
12334733
89776881
78664254
56200719
62240564
69021369
49989020
55697881
88233407
50257701
80900706
65994499
63992216
48499702
66698335
97490675
36672952
67881353
79006253
56387558
16283604
25904836
25331142
25675457
16018588
37068396
79192254
7415563
58213471
5273109
2037308
56358001
49983811
84442086
42294306
97546536
15690718
14085900
69135107
49660096
80728036
49148041
47710921
33373496
59578254
86928918
10719492
94903134
89940495
66116241
60101730
82447447
30971361
8390068
53564815
24157804
63192915
85248886
14379627
42285699
69519176
37709339
18607360
11982552
88642047
51655502
14821641
70477997
44647593
53135006
62942245
45800983
91225331
18508180
37274617
10076223
42216189
92265922
21017019
98665963
95360955
36291287
86330255
79855655
60206380
77893471
95348769
54870226
88241372
31331203
19099632
24179513
39089495
84227431
79516238
76277847
12963395
20421099
93428980
90340173
20811404
63522955
78571229
43757257
3532290
88267027
5083644
53927945
6218210
89184425
24830550
22807000
53180567
24660812
37900304
79669322
82071566
32824478
69415666
32507438
10865718
59380245
11659396
92795650
9706958
43172630
44240929
57775297
17964444
62813350
22555363
68752434
78935975
57389076
72064048
84662953
15643852
99623037
52076201
44569418
10088854
21469191
46827284
37004376
8665693
57941430
62798988
85843627
91567966
86240441
74835513
84475299
55211747
87919216
70864958
83540119
7499561
1591914
76503403
26448412
33463126
61663733
38096808
45557354
1294764
67145329
47926569
89894049
54724081
40319637
83496061
92783607
76774288
25610574
27901000
57989277
41664880
12360118
22044052
14415860
2172145
31301778
61328087
78181953
98716082
71867671
39913418
37500174
95565357
32977620
30721548
71224365
53470542
81568436
6947019
96711785
51601415
44142839
47245984
17065823
36731903
56949156
95295872
51541934
17420672
34383799
53378213
27713807
59217104
73088899
9428300
5465085
95764121
1307530
94634632
24995524
84522928
11268628
45466102
27997070
16409548
9929722
44181026
13098700
84582204
98977391
66914850
53536245
2553973
85378766
30863755
2616440
6434987
26462452
17794145
14072954
79190664
18674742
48176648
3441097
84154666
53650466
82247404
99126762
26694819
61309253
28866797
11009419
80063119
18455747
10562147
3099668
65758025
93348347
87627868
29979178
93507311
84274481
42871169
76995762
24092111
63146510
64270782
14495898
83418330
41240664
39817330
88511944
96929097
24616818
17796622
9119162
31450508
70072280
74256244
4268759
13161680
14191485
60489768
89723742
59754817
19876413
83761183
51694659
31399766
90764942
3712006
62620778
89167584
7977294
77111131
51326621
72725826
62868142
1243065
37687001
77319288
85711506
7894389
5070293
29758297
99674209
65362938
71729670
76067204
2392019
97562117
97841985
92797223
20605439
21262530
51321450
27955723
68841986
24375764
76545274
44363339
49280773
81630072
84935832
2201078
4132306
8834703
78683300
97977438
60975793
77354066
39479590
27368273
81574800
19996112
603809
52135569
97404304
37483889
42177562
53787624
59539739
79459796
31914481
3810831
45277748
20812727
1246722
42870063
20963078
76907910
49997728
99953539
17232616
9687562
85295194
84861074
33236956
50118337
61613648
95543478
27556395
18433077
75816865
2850847
36356453
16874142
56526311
3589516
69350688
11766122
75612002
68766
77539980
56848001
34889680
92433945
56153678
70216891
53681709
34290033
31410822
54534808
59367238
76806008
60698857
8258357
67452241
31640228
99664630
23850451
15418180
42359317
22355254
31612667
83895233
89894992
23685865
64321453
12780165
22685477
30072383
8158748
67306680
44096650
44701117
13406006
3220739
58165723
67997064
18289538
32372761
56567528
42922489
16873950
96841539
41310760
81093784
91526839
13691360
10034590
49711514
64325509
43728306
72338651
40463222
17167771
7676991
77778228
38215422
9578981
16408491
4423012
72271901
18399947
7233878
30930236
80246784
95151155
48420323
7203605
65294326
9461917
15965796
4607860
78552209
72857190
10619987
27240989
97210823
29538199
57247449
89541045
59605872
86475767
99412343
80204830
28111496
11597380
80186288
18211885
38885815
69511976
23432139
20935926
53483668
51728872
81223290
10091014
2286854
19873298
99736969
11312496
92622707
6507271
41066360
96973605
40153609
99539488
81493334
15858934
97363351
50979156
95430619
63935060
31199810
57355487
22747307
30884617
73748773
57641978
23021993
58176206
2575226
60325709
93114678
55542896
55526089
16375965
52995107
19208590
34646217
56142731
47476530
4683785
22391978
99856563
84482500
22001945
9447272
63504599
61545624
90490441
99763125
74232268
33172335
57588154
69713347
14953983
68929890
28384366
53115808
67492446
88927355
81485071
63684731
79275867
19404611
77387360
90685672
50932213
46564236
85829500
58766880
3636876
17618941
78858452
71086248
74364713
37443000
18705647
61334430
15186805
20479960
26834419
60966140
11592259
16913589
60160743
14100961
62518822
23657232
61209055
8384169
46323589
9890235
73523080
87170070
50205093
20908858
93151959
7204163
10111926
20330698
91866041
80481961
42554445
33043475
47407927
14117761
71136624
21208139
30860340
9032198
47130182
26045167
21015363
31670196
166677
17986803
76356740
18792471
94023738
93123150
65429170
36709102
11479172
87549945
44844928
91008510
87279239
64811068
68933410
47496708
19693648
80795725
633352
44443546
10976860
69726868
23990139
35692115
64166456
55382885
43779526
47077997
8235529
7512647
95115466
39264220
48358637
80442289
4828477
84557270
55245639
60689381
27941107
99236726
63835934
45862694
57694420
68562844
4045576
75299429
19525200
10679583
61889373
81514675
86667167
25600509
18470701
39968385
18870328
26924064
41282229
29501852
6765358
2540658
68605872
76094604
41860807
47572759
99720783
72641119
43045146
20726047
24551569
43646443
95773939
21823965
64856038
90426083
97716731
59202080
61078200
72479620
97411340
3153173
21428118
69616595
61310044
27970699
43545726
62744633
11293818
20505198
61228852
43654621
33769115
96497936
7930915
86943848
70597601
19481650
92216093
41608700
85728038
64195837
29181064
54111691
61238991
59587544
45908822
12876677
93871796
81105960
84472209
78910222
2740702
84720690
59410000
24273115
52912143
23473094
39377961
20001517
18800239
56651638
77059664
21720333
5484786
45315795
73556328
45845738
41096309
72316691
94771509
20658403
30294383
29459970
49283565
24698713
79838958
79687902
73687773
87413198
63253586
94497901
93437591
92079937
98469317
87145224
52103167
18644635
45773629
26213817
55918529
77873274
5959930
62777649
25435563
96312152
17451196
46224583
27541615
53691933
92623039
78454148
64990490
6455804
87050261
52499108
63449005
935647
87085825
88574511
1927314
92836211
10212754
77004552
81084269
44340005
17850002
74127883
45630519
33977673
19509814
57978801
88875250
82684305
87311535
73799422
96516849
64989821
15149417
70071426
92465366
90130001
25720813
92279990
96234314
48236467
80934622
48511338
89631482
81149029
47362887
13014363
55464659
75442086
83793963
50064402
28443236
49511060
53577952
51913800
84414370
73308065
36629153
8173735
62259029
8393930
1903432
88686687
6492201
75759444
32040058
18377639
84660197
40027476
56670040
36860620
66941263
73219449
13981988
51391706
82676184
76799437
22616580
9713014
71765235
69545787
46806577
59241983
30502387
57071458
85389989
64675951
89871803
81740411
49988878
84337778
72578553
64550020
53455310
77454210
27261120
84765452
95617998
8021906
46266785
21653778
30502517
80005517
8521696
78796457
81140032
92782514
73739450
98498886
12434255
65311544
47353362
62543160
42754278
47489310
86426791
78990777
77835145
59707780
57202705
6680719
85543134
24014989
64892822
49338181
98043121
67122059
51519294
71004775
18559641
4605412
21206726
46522375
52356409
91385458
51824638
98916551
14752809
29537157
32136145
52442102
83281046
80315403
92354708
93109235
4686756
21134149
5105572
68384532
72466333
23079599
17529342
46416111
83843728
96461607
85512215
72250076
68643111
1964059
16090853
32217878
21275581
37433573
47300747
64122205
91167392
64590178
31907512
62537735
17196623
69906223
23372457
64972827
69402623
30011141
67750740
47679223
5356306
33678175
82233601
54246246
96137779
29684833
73469310
19991765
9268574
78509671
85359582
92639294
77636946
93516999
7725907
50839214
78827549
13745802
95691548
4184592
75350122
83459499
76189419
96707716
14461579
60041637
35422975
35953224
11350348
62192858
88286702
22233889
64621776
39933894
42280654
90222543
70841890
54676706
31871414
83929814
17048876
26554852
44576994
41688670
64504252
70206837
84423026
15655424
30616614
92580929
2873175
71815437
96239571
98047576
12653887
49088060
41232388
76127998
89343339
35060033
72848913
15538439
66374135
55213045
71059735
224173
35403547
63018844
75116703
43277031
93964363
8891953
55966127
98213173
6987610
9365093
82321599
94351504
19365985
51650793
16952216
7954251
6722109
75394666
83149527
54215318
14000447
10432237
24747916
74830286
19322548
90380576
21159899
17470807
36679261
34017155
47112764
5216530
45183134
84108529
24190723
64987943
59747990
13019268
60344039
56700269
6695288
18215132
25320092
43848752
75099323
45216885
18433140
94138867
78724205
95807558
75908040
63066423
16441709
62208902
81680651
54456040
63704115
45741892
32584350
9803879
81423143
32370559
84847808
23831561
46954507
93755502
31687574
53578204
65518963
56256858
60097436
34118387
76285684
80330057
58793095
82442318
15843552
70881723
47612072
72340810
51694601
82440789
29423343
48213549
38511952
23314824
29611274
3013021
98887520
57646445
77600437
82682173
24347910
6769033
15701268
84213924
71721535
17489235
7736272
87750114
15368477
25734717
80508889
75333385
19170948
72152387
45270073
93978506
69528254
65922240
90833599
44399025
64683345
31530626
74076083
63798459
2333483
56581388
94320057
63863665
27811552
14583670
90530216
45504301
56283972
81808841
66732435
9614339
41943897
2163944
45470197
64021301
90624784
35519741
88072623
7908021
12970373
87471529
24603144
78048566
19221901
66901159
29426157
7622072
82363155
61640688
70853612
6295815
80138173
94745676
30137758
65631245
26331387
54613149
6332378
74194264
74646842
93452084
42224807
54249788
4038187
40576224
27195527
34771469
89765146
57527170
46060607
20346186
12249771
66510109
5390394
67199891
63641749
96387146
58350588
51125881
18277662
47074424
64273310
38951178
5767850
15628772
87713492
27365902
96125506
36786517
62177627
44710139
31435244
55116185
8918396
50149460
22042423
13476137
66308412
13090299
68501185
42891087
19944649
35726490
90654920
13784048
96776638
93597517
8929547
72507229
42762915
55507476
63488880
63557872
78561142
23891790
89061060
76407407
96192649
50584668
65820192
74335057
49386261
38251201
13386776
13209941
27131980
86719795
9600261
40339868
51567794
98483628
68478679
93132207
72577248
66372176
42711811
95676799
22712676
17989926
53097183
59013332
70763885
54650672
13255260
71303373
28446428
30834090
17307245
23646093
14546722
7506211
43655884
71586611
76832360
34596078
72159960
64144567
34719995
48425005
81106230
46024069
3700456
10064273
79441080
8258919
97052349
97874041
92588969
5848338
66354769
27867191
44822712
8752371
38106809
836569
96336917
79109778
68520774
52963855
21755610
43058114
48988258
32321213
34203044
66968070
2698512
54173380
15623519
50725804
49261650
98320289
14583362
20052828
29659856
3213204
34086852
19823434
34514205
23352324
38050017
30803052
50189229
61244545
10592862
26330414
64565652
27131918
98625167
7200558
21960110
43540167
85924200
49984180
76823459
51086880
42453586
49805075
45740257
47273334
77023351
68940624
20689850
62026517
2490558
33926302
56962590
37288940
16628459
60679048
89541640
7928323
76061396
92096054
66943421
17628133
8471338
62972557
2889404
13523062
1435972
19830039
5061173
95626169
27627382
78943146
15247105
23785716
75675387
15278714
59190926
92348411
25318387
37412672
10972347
20205477
62166063
23211952
91171596
90588702
33901633
46578865
32520262
99900454
14361938
69042795
48711588
84298572
76975340
86992727
32220387
87474887
90903143
47222943
48950901
94149507
23836961
1631160
31338209
68963552
71927901
52888694
4910732
77807013
16696466
5315246
15852451
71597931
43206901
28420982
84064849
59277988
86548597
87141860
60281513
72453641
23223074
27509139
3958955
85693101
48452068
56471335
63654817
36321230
45210032
87891163
92405574
63046205
71684173
13048947
64778318
294204
91886169
56400033
27997464
78144767
98179505
68248534
23044000
96434758
65849285
33497715
79367411
94574790
85522272
3720183
46452581
94792545
91904488
42199695
82478681
41108557
89331998
58586832
23319100
3287317
14484871
49943368
64041106
68493100
66042572
45186332
43012959
67594455
78365379
16589241
43498713
58337243
5300722
13130444
89822820
97265781
36183817
70766083
33466071
89845832
90132007
76968337
37573282
36144245
65298817
82845548
54978824
85061556
92792908
38722882
62583907
19899779
41106234
23463800
46865162
10068093
6714121
95968310
48228297
74826418
32753381
33254291
6032224
29811590
29519322
57003489
61687602
99660081
91825838
61328517
762906
64604010
90498965
17154162
32888855
23246801
6371605
56579135
27473852
42958407
4510561
88619947
45937801
75841114
35753515
41269115
65578497
76297042
54636262
10148476
49691463
36841621
14869627
17094710
32490338
34457721
56117658
12119484
46534279
67672153
68429362
27780374
5300024
25133262
56445380
70122808
99633578
98516216
14633454
66453810
5405832
92855534
65067812
38431015
15480212
40664320
46930750
61150647
51820523
91875905
904601
54313810
58727899
52786660
78041455
47094134
36732339
92680111
93403156
35230477
47358994
50192416
95394312
10969765
33147346
29999626
79061754
57765291
5698467
28871681
66704410
9879968
12168187
69725722
42714851
82588593
12227553
57410797
79831563
24290090
88469839
38388820
67341943
33697627
87754446
67201202
15805978
50553170
36833985
48708793
88673865
96588422
35770002
17061211
6945553
59825057
24546397
76472778
12110264
45376342
39071657
72925385
93193244
87021211
17218815
31614768
87746035
41973628
67687862
49600407
45315243
95195528
37749849
54014387
22077137
33813653
81547046
2463117
79769772
88761416
13283952
40308865
23362980
26328592
12355286
71006043
49446737
39006424
35737622
61649697
32812064
32378930
6500151
25649892
89546628
34339866
22036163
50661855
54476599
63866448
27657354
66278819
10648358
77210823
63048955
3534802
42875620
34982817
84967736
28092791
70650270
22466551
67214497
30730269
23700705
85376463
76630550
68323541
33319417
25651423
26293288
76563913
76119023
56386924
36251949
57445664
67617404
78821752
28612450
48798384
32970398
92191535
30202340
81627707
17863435
41253779
63285470
30419439
79668659
1287538
52824694
9250242
96779275
6212194
90618112
61542899
63957750
79304918
94560201
82204797
53483568
63745371
36279457
97003376
48833189
71158159
24766359
44697553
15318044
21850960
80993251
10374437
8825889
72147689
30665384
33093912
55962063
15866767
70736705
33616854
52831854
5251788
55311925
11376614
26508685
55580180
34306555
30093914
32937127
52415923
59351296
12841001
97705757
61157583
2663841
36646972
81842873
32308493
64339274
19828153
5706715
81577408
6112959
48640190
42973185
25264902
56462626
80685146
40150067
10682179
57721645
71558715
65809602
99801408
36371971
35360953
53889309
98493893
75132254
76856466
50468057
93846351
26737092
6012896
14585811
9253710
80210703
77436818
4437997
32360616
79328854
72967841
68244723
13199500
1666742
14335298
92261232
17137696
60835151
93659402
79152426
3371552
56062945
88959209
44551659
56854048
20297874
94851046
263456
67931815
39256016
32634575
12660126
4666054
71018288
13453854
2073522
64580126
26837247
84709359
12371718
4403142
59918698
38333926
93446292
32639419
20979576
615300
97786909
79081554
94704496
14851968
38179877
37146922
81538938
20830548
98443695
10427047
76744626
39455000
110916
92508528
17272779
29210139
25187335
29747897
54785050
23505062
48773660
66367798
28596565
65576185
58135528
64579927
26883350
44943400
45608118
34688942
90723960
65459173
93324641
5719237
4412737
505199
95717157
51498634
60027800
90653918
39266576
92391245
26052280
26673582
60272798
67842547
80170387
81885965
45307876
15439413
98633247
86148349
69832099
62457054
39662254
62963200
454264
6808575
45885786
4184901
73514439
54565343
77649863
62071954
99783180
28982952
44257243
60432111
98826508
18703725
97226477
33095675
64223144
1439916
22535983
90431453
76504129
90449943
57635168
22328443
23593976
89572048
77327167
95440569
98265628
44115489
85037189
21949558
74092549
24076932
29377713
53982582
15681381
10522887
60123072
93212451
44902002
18281496
62748913
62218559
63894744
48723689
74450810
55136511
90813279
66179328
49915799
16819481
2695284
9392162
25259532
27956106
41925898
26550044
11896686
41351897
99380771
28618895
17237192
52610652
86858508
55180737
2902024
30443657
35064298
21691789
21800596
34534748
95314280
82146125
22659462
18626387
40944159
70748531
26798865
26719657
33463902
7566197
49519235
94311527
50868639
89791533
64899934
81808117
2653605
55137489
98513002
48425463
76601576
73897283
25822029
68643068
2279792
28585976
83208759
26335047
7544143
63579118
73335280
88017479
69489771
62978647
80795885
89409226
30212012
68706193
30815704
1771363
23033265
43037287
78854421
24983137
67679447
48514856
2344707
10013324
15871269
34463865
11866510
92185639
21032068
45038949
82895999
18200936
7680150
44521367
22335855
94860470
57624439
68446261
74210821
17982728
26968819
59089231
76523058
27771158
3310585
29052357
36284710
97549242
86522692
70925718
3379388
81831661
41905503
5814287
12068915
96581966
32962223
70321033
90685519
2415770
24727318
67772287
46873811
90555541
3923231
84144525
53626162
46031161
54071799
40289686
2515528
80772625
9870311
8962719
10972492
29923908
26395858
51563896
48051113
45490876
2035889
72066578
18158088
60371056
33922497
59725532
5391269
64658335
88291155
38924552
62319360
27380381
39124682
35247042
53007226
72313904
95199928
40377681
29816379
12475336
66050364
73228464
50745318
82724116
60001887
91920584
82840367
48046879
72826663
22041194
85340332
83227630
97304288
79749665
10929409
26778185
24975712
31440681
68430569
89332068
65664632
20000992
19674712
54639751
26001886
31219107
11013462
68757809
23709558
74702864
51395161
28522091
84604376
24163530
83771302
81996353
21403989
27166432
21299649
50029910
67247495
51540839
72053193
40414103
65047563
51665450
16088482
39438505
99643455
48826879
45853756
63466078
51160746
69507785
58348764
84867653
55654772
46928175
97027501
67497171
13785090
80564625
56011146
51030491
644600
15436009
55581200
90637581
81157858
73352129
7710665
6487055
83198154
57362163
11078790
44834785
36287362
35690027
48087148
61410291
87418275
65488674
40242710
9337802
4497160
44625399
71407158
15793347
22705488
12321773
41592570
20607732
24236512
57298262
79721088
4630460
83251819
45339850
77232291
36848944
66304235
86116514
43380728
91318715
53207297
62471134
89602655
12883328
13935633
21159561
96438664
49567370
1747124
83836253
7600151
60937465
43180626
31752080
77540371
18269957
93544065
41770767
47568045
99586398
35101123
98464781
10477528
40371430
9476913
15407079
77554459
12573018
30360455
35749409
30678457
68419869
39446252
39989846
31473878
25755531
62501076
77373029
92274597
6342105
2224801
45081415
10988459
16184036
2903240
68355173
308031
55773483
24692974
91370272
83660913
60902307
17545001
82331215
66224824
71730059
65315612
22870954
81129795
59909747
39820511
23919243
71243260
18968786
83157727
20531930
99597299
68931111
59692797
66376287
35888883
83958741
96824509
33673538
28058420
99256648
32918809
20322289
49205306
45736652
31994859
98783154
4210347
65407631
8666950
27104366
92186710
18030137
34899760
49786558
95379313
99506976
56405153
36311699
49557739
64734680
57660216
94968511
60774879
22327169
54933031
28308396
14842160
57813534
24705990
76030401
5216086
20833426
11538271
86299439
50896463
27130512
72371709
92064321
2053369
7472657
12610198
46761281
20001764
29596982
41466407
22319309
68165392
49650403
12798417
68788569
93764447
43505059
56290408
68838288
60478703
58575895
23519342
14036240
30622384
38208207
75292557
85907065
46019331
31640712
74576943
48325741
11226554
99681183
50876034
46176156
78964982
37163611
7834364
85673089
24297766
6087378
68471602
59196544
56336272
62216418
7837246
23882264
3483662
46901514
33568169
63135159
15219688
65029704
25732203
36517217
88257613
80625494
88674731
65115936
48615558
79667146
99615708
14583720
80239865
4114640
75582762
1660752
24690306
79385930
80686941
17345023
37124964
10885227
96901654
96483449
57868843
28662422
28854910
48194333
16174812
41439709
8795707
85002135
20991589
96738142
84477304
46490792
79530623
28323694
21359811
29413324
33062418
99067421
8505751
62497309
4339973
81059612
28174615
51854620
25461456
4349302
98301143
76850492
45108281
94204251
28990166
90660715
86249172
18300801
40170895
14281721
21057540
63954783
9774308
58890442
67611910
54351357
7591267
56976489
64259053
70993144
4874961
79460368
18597383
61557468
36084481
51005201
72903931
73190895
87628269
51028632
78944413
58272705
83588810
24887972
22395819
58409322
39683563
1615881
55763330
99148581
48811041
13747851
34630540
67656782
61575018
40401112
52138870
18296849
70383076
22817291
19370064
73084729
11694899
29503438
76563532
73723029
5075465
44791462
70853717
2268340
48745922
4633614
98819200
31466644
51186908
98545705
82543081
42270462
62353528
69067369
61855850
50100708
648524
82124885
89414193
96903749
96856835
88163412
20593120
99187906
4433196
20913282
52276163
96410456
63593324
54390785
67706998
30530205
96169239
6198175
46181339
69357352
56689628
8870654
90101133
19567348
65019651
76398178
98062838
79875569
1159592
90587024
78788678
48632638
73661247
15116061
60773035
1324470
7400872
37668991
14696173
44968899
26231653
90630091
40815861
1434396
65436464
59473604
61602506
74709042
13621464
20913028
39667254
51028571
32428923
55007594
78112990
1055234
4589487
16045962
59029750
19845914
19688683
76437176
11046593
92960136
22754727
97273145
59433064
86637736
66661707
91080262
62921070
71066895
81707750
81923152
63012505
72963081
12838176
64028384
7714342
38354336
7759456
7133503
5758357
83191024
32029504
93744758
18683021
55548106
21622931
51229325
83581123
32551419
28675604
72937638
65087971
42807437
17419812
91649359
75661327
40086403
92210020
77719065
75673751
18605881
78906768
85240843
15880222
55757683
70463423
70525342
23336148
63478404
620138
69271565
40950170
93732805
76634426
61246050
38359801
73291222
51659359
80437622
51756439
34346524
86051564
3313595
2020347
8594105
94867408
77643514
17544070
53373766
96121869
52512515
89439192
34320476
81924312
69796806
68098659
23484572
88854599
59295183
45234469
26068554
25351805
85173382
19941709
2781106
56502532
82484119
2186595
85646223
56356836
31747275
88690897
97370156
41090139
85966703
87208599
92055796
31505089
38753588
22357539
57139496
2138677
77671060
9284794
6221510
54156323
94512973
61025989
28440839
69358304
46124393
53911136
6694840
8298356
72120728
66260797
40176411
17375564
75178358
40604841
73765909
31210547
56055368
91681504
65599041
80352726
76087873
38437214
73046996
81969414
30038646
95645352
53322257
36885278
99580746
51834223
25067630
70538910
10951471
10520125
79203979
72396394
22793756
63817895
73161016
21273114
45620328
38804626
20817123
99647997
96006541
1370104
81148861
5564021
23577460
74407056
93962531
35677222
70758891
8030617
97846067
53738301
75753981
41632541
40319722
5583034
40652149
32586951
62240837
57422647
49805757
58490585
10329126
22096545
47967262
17886476
59744642
51195933
83097516
35451860
71911537
19376719
96853044
22335693
77984303
81137146
40467177
25287877
28617461
98150127
72615182
27403568
20353593
37558345
58145767
32520910
76198716
11666811
15883626
6718255
35379891
90953934
46736135
31867989
69966391
26624816
39394264
4795845
76004736
45217569
19082628
5052424
85418639
48807152
33422829
95903948
50170203
35388364
83285652
47613125
75848583
94074441
93178035
70198376
48617914
65234576
53613289
70019135
61506055
91113598
32411666
21187444
2304397
92016267
35833187
58545341
14240896
88816871
56913910
81306539
65404666
19112007
19658121
64305311
42056026
50439621
14814410
14890280
40248132
17905048
69387641
20849989
52917901
62905877
64103750
73632317
99943759
17629
71865821
77084582
61010499
65217991
4470843
63397038
91141526
35116806
17518206
17789155
24655796
14927668
26908129
50372233
12696271
67390296
24057095
73781549
32677592
16345697
21868540
25929426
31072163
44881447
43184017
71309465
73092794
93310479
42793388
55564264
96619660
95470696
76602886
27378472
84555519
10550262
42877412
55972461
91958535
95089899
72612208
39856194
8025095
27293730
17857494
17723704
9077078
12533583
10573208
48287579
94872203
27100101
72104004
98419456
3174586
38233955
73144965
95267784
68231008
50871674
69923784
96888226
48565258
34744662
77491139
52142851
99534148
75295228
62407083
75481736
30355954
72768794
68201341
35136179
87271605
48280046
99380414
15965818
11207421
42059084
51145474
60903156
22676524
61567524
28218548
24848564
65668138
38496585
62425705
5847100
21247346
66411830
36385664
98226606
80014433
77448233
89600062
51789303
23317003
80075347
96812594
86437464
93485049
41664753
3255475
81474329
54248279
39958544
22887610
70432143
46094975
82848873
95881445
32507732
94753935
14967481
70945590
26554285
80492322
15828380
97119808
78462449
35028962
85565346
72895717
63620545
13565192
93188943
46653661
55444097
65596624
56460978
80720557
67911692
82733571
14527242
30500398
54562738
39018421
77950758
66096403
74252149
53384391
29185290
64991432
10634284
72001403
87801332
33715212
63988242
41881758
55701242
96234347
57406821
86458838
88556510
58304550
31242231
70450499
7003468
96775956
57357449
96351632
22108567
46456306
89115105
13972778
9540614
46818859
54444073
37372969
88602969
75293150
38600238
74123565
6779484
82370266
77280269
17417592
52809583
93772286
70806676
75665896
76779739
32335784
54193435
82079057
94578323
90912280
48154164
95141601
33256504
10672566
57003478
89301255
82609757
55983448
7379273
80781617
93352642
77650282
83557347
59777665
50069782
90819983
99509730
27259202
75244247
85132920
52378523
51020159
29270383
22553765
42866792
20781362
17891665
35161059
77420420
82767233
50841511
3804920
81513667
30124762
44561054
3808392
82141230
83764309
14388585
41323765
64304560
35814212
66256036
22387281
14441319
34315292
28665974
93931529
61248687
42587186
5931679
39920131
88023336
38845718
1344594
50592331
7860772
63497036
18762136
10379115
92839750
90384568
23628582
72995733
85320936
73482192
90277577
40743680
20529819
4850367
88294025
19463684
14245513
97640548
85683057
59448940
1861236
20623017
99597374
31923914
19158763
12634371
63187453
71273483
2499454
14142469
44247794
51218682
32070147
28388299
7138475
81408782
80233456
39462849
90672846
56028289
4009153
69958511
77555410
69201144
21236583
9993023
11811528
92753547
26633271
66006379
12895181
57807598
28830447
89421357
15923855
47559697
81920925
6879805
9651817
36734874
68305305
26455120
2830395
98963335
71360665
49042689
79056449
50610400
5121609
77229620
62929043
76771960
74511499
26371509
56822165
79728968
28997062
37729198
94017984
46306468
87103039
64613123
5621584
30335441
36566054
96348399
8905204
33172574
96440309
39493666
29670879
20285342
59974404
17261941
53929668
2093410
1505048
72475166
52030187
35923222
10160858
4273253
59790228
42106102
32648361
22145749
79175402
10035570
46116058
67753071
81603830
61917490
51808896
4065845
87280750
36167054
70058229
86257330
64178317
41606979
49186123
41745245
46778321
96693082
11252004
32168836
25804974
55893284
3335499
44112896
14062013
79741168
79794387
37333946
70094386
36353118
67363372
18716191
46726367
48567211
33622630
79166681
75765675
89333832
47626406
46939997
8381650
22373700
18256824
5223529
50029077
2592445
68925454
92736598
3216649
35763122
75975840
50418519
9877959
99584840
67892287
34105557
47453504
31665785
53881185
47881172
11856206
89119788
76781082
46802937
40455462
25177274
90067550
53402328
66175379
14855535
37542629
14340468
9606491
83581860
64788576
78646271
41103645
52961071
6070607
75854762
65556283
4133935
92303367
46765899
78234547
15051059
85875200
79728621
43309580
26883952
93678147
58011705
78001657
13552928
96895515
47591043
73391630
55150222
64673555
87685735
7209699
24919045
80879424
29969963
50560134
18694994
17968195
35349919
23248398
44708321
93537233
78306241
13410682
85884143
12566111
99880382
22549393
52888821
63240144
82331901
17145956
24591955
77407414
68213812
41139078
54941808
74025168
11706865
20479071
13468569
91724609
80088121
84239165
17968060
96336523
78572478
28176073
97076299
12917306
3016963
51163399
42317869
11679388
68409382
20374406
632645
90914109
75400672
18977213
91139596
95660116
43187969
55634633
83881511
3029075
13630518
49756586
56809242
56815933
59536008
83828818
7024432
91023152
53097270
91025021
86659630
10687183
82677034
6076795
85021152
90117593
10100543
52401396
14648265
51461431
86666999
66077684
22575418
85271900
76769405
42401370
35592387
26649525
55883886
75899162
1802147
68408597
10588087
21014696
4220259
62210945
97291361
42202533
74397746
73551317
24045731
29441360
60682553
230917
74413295
74708495
14547585
96106740
90475797
35910472
28811321
55491269
8035680
48504126
32151516
81302309
39270044
30230050
45458178
32002720
99632913
34249654
84196711
16181583
51833703
65184719
46231822
49825432
85603618
41526780
58486777
1189336
57161977
95136680
66780040
47465326
64317730
51963428
71756240
28814591
43118107
72053758
60515173
28659018
57890669
85204194
42282368
40990437
55774437
75888976
57986065
49807375
83247802
4647354
62301931
10177628
64220842
96442613
27417910
61953627
65244743
90196982
65401123
53502944
62232987
61117303
64114179
94955873
96176350
76236451
53371552
65578095
53006535
48189071
9465783
68009574
89105140
16693758
13998705
73552898
92199461
56893338
50413418
11296784
46031948
50040698
77705123
26582692
45183252
15860900
21131536
67746173
13572140
48175941
64774429
41979587
63225222
97726394
35211162
55099760
25846950
78708500
78106954
10403318
56280700
14090154
10235499
55426763
44825089
59542829
14511002
17693758
64021581
15129980
49777420
66400003
74152129
60660531
96890449
23583104
13112742
62264825
70355129
47811984
41191201
14540666
22501481
69706735
46368587
65675807
12684875
21760250
67835232
10439529
44895645
46982166
92462835
93923551
8463243
84337118
3437305
28215299
3642988
8357516
49452101
53338809
37086152
54541886
56135300
36243018
28896252
60069705
49796425
63083354
13535338
62761253
56055305
40950192
26669360
58464524
32796186
45463777
32356364
66846718
83935580
98596024
25623003
33716525
21265718
3248690
22943852
44768373
16575354
48589919
26438555
26069581
70154369
18780655
8507000
2556627
41020695
59662150
27450127
84191484
79949245
30586035
42229446
90797701
7292135
25814622
45963187
99186641
40217117
14440322
54693299
2833421
34065046
56423142
31543274
79176190
42617508
97906959
78001538
39137288
3844232
36849052
40493948
65975907
81395517
3117057
2369655
58683653
80973009
53041810
30779232
85593440
26455225
42634215
25438148
69809453
50624850
20658060
29407954
12789847
9917798
66727449
13240303
18785939
62714732
61508099
34287253
76600775
34875831
74760625
78657114
72172245
96128782
75366235
36415654
18005772
62942637
10475091
3176097
2747883
38582614
44805255
57363635
88796025
93425966
31644757
6982591
94960578
50569241
87688788
52451188
85798043
12055041
80686580
81623472
95837479
55488957
73681078
95303860
98381519
80262660
324607
16837337
12311122
42038521
94477578
12359556
83440378
48529367
614567
56642245
51204626
15454194
33173457
90018151
17806193
65302554
13330245
55702901
26196054
99424732
28516731
7693728
31174864
11322541
15628898
94967044
373952
85965233
53000851
88206186
2400013
49177984
96993071
28672370
92532712
70770822
29726092
35916078
5120315
55700123
31848416
6117204
30092829
76443188
11180567
50678356
37381845
98253683
60737066
14558987
28552595
4456250
27535656
99083397
19557123
56116498
52389828
20092423
99321376
93442147
98886990
4371247
22953829
60851914
874672
35489014
58735782
7568892
53451083
38165336
28955080
98031737
76862267
994303
48020816
4031906
95883326
30083951
11876559
64940332
68302078
71609885
99040484
32241151
70182137
3155975
22915517
49325546
72512661
37489223
29887909
34912960
88472846
89431393
805925
77425209
87757365
57415276
44217895
34523188
76992419
5548593
60742037
73998244
51519054
51216297
75649910
51216524
81319419
45408128
31338831
35408188
18308472
59539157
86476420
71837896
86888455
104823
6422494
22012552
58799607
30065770
60968764
3953069
72174427
94302977
31644106
54748195
83522272
61248142
58645388
74314014
18716922
35584573
21695082
13647160
74014969
1964541
87285456
95896424
57255029
84625153
51968950
36744336
55214591
42934632
97403322
99610926
17789360
71738945
92848336
94602440
59483647
61625330
51986095
90699339
52322779
96381030
8293480
7883839
1670980
38957943
78067319
61855810
33407411
90089639
46345183
58774117
8232242
47405211
43807719
84106369
46665147
63919440
80506880
13621763
85716871
47163254
55535275
64480382
5200098
79042158
54947230
15471899
95987892
54122466
58215161
57738188
74884569
16363688
32260113
89154074
37984326
24019537
3884026
59147904
99140163
33094858
46451983
30127851
82068940
91918831
65153233
95808305
99957284
90366678
42159391
45176589
9047401
50496486
29647335
77457488
22720399
8883946
47948079
49621598
13090721
31958238
68060157
33903286
12724888
634682
36285215
50160473
27092734
99244139
83512521
39060910
40094087
61928537
40317189
85472715
88487448
37098990
97566934
80614490
75100470
44671485
25471991
2303659
49284135
88196146
45996305
6457783
9822002
50690045
45253001
17454815
61632398
26680117
53210675
9427742
92620954
1835114
20174583
97495271
50630298
8057114
8045332
30374614
26996914
48710284
32069634
6905364
95284138
57621128
62208319
47015535
66475443
32954113
22540111
19604139
77805886
21511483
66793493
4894751
77296765
59368055
99323022
17575263
16029273
12949245
54607580
4331343
74653283
66730455
75809667
11154829
42221478
81665682
63797550
61211103
99527371
66874842
70349005
1535474
21818096
24406513
49780617
8982135
79960458
83530039
75153708
80330648
18681040
87191004
98530698
10059921
28455467
5834528
59470557
67221402
59568170
92975428
28735944
19742676
63747077
25815962
91444525
25119115
63647766
33586131
70521991
89832769
54792497
2335368
22625766
96854067
59732816
36593771
11870379
25604128
32095541
20315890
223219
86313486
26512182
53260150
94331052
43113916
16037608
39007879
86265076
74308850
56584185
81483427
64877421
25576459
15893549
91940304
17310257
42314338
82980644
11745114
34558623
43217111
66505752
6124269
31109757
6583615
93104933
78899340
4042326
22597252
62732882
23346575
37362771
46855200
40397625
62968664
21107418
46956702
82119432
65867276
78058943
35980755
63230292
92606651
20492255
87892037
68334379
47487289
65964154
76514757
93856932
93405154
63500511
29209664
23959541
39797857
54301492
48559585
66943174
42163957
15608651
91372457
91059968
51245345
66750658
26838028
46713117
48563428
90999267
90529972
68780956
22987279
30086990
40470056
74061453
7021949
86722846
79817531
12779823
49532180
73052477
62385048
15135834
9033350
89831852
57995062
70039827
88729262
23605946
44573171
5615354
20715031
31456712
38165251
51051281
11778514
32535428
72725047
68583629
99809055
23770734
19636604
2611743
77796477
39128693
30719060
11788607
39244219
74070987
450594
19497340
3515420
84542827
2405015
6855905
11434900
21165663
18535748
89451614
797599
82681108
70340280
38840554
88598575
32749326
82730761
16894782
86551884
84772000
92168086
4165020
15006591
60371365
6544947
99967836
68482057
55651934
33384562
3859193
52462357
17733060
68713766
76897921
80656437
79729787
29536987
95981257
95104124
38754108
46400993
34223209
52701321
98780399
82208462
75424775
78168353
86423727
87204964
20244017
63919962
15743516
74399996
10337056
56290840
39252624
23021250
74698263
64030492
65722609
72895644
37955737
96075332
34814149
47587045
26667811
19621312
95026411
98605253
16819758
3461589
31872596
8345033
31727367
37067513
31790289
66044171
7652798
95481427
83261576
7019211
46931934
65084451
70529095
36804031
29160042
83957349
76006626
77841934
73077077
51575775
86541241
85623994
23653
53200135
47481078
86871277
61780841
80374940
74358795
80010696
19437514
38001339
57847715
37339145
51878572
45194433
14482224
35851566
14477032
95412777
93525342
38973223
7483081
88502276
98236026
1878884
55910951
52158556
68036002
27882981
96055809
35059510
8052972
89566781
18643451
96789040
84248772
35767370
12276588
13869564
95226013
95399030
82891558
21699812
79679990
958293
51709677
50017129
51618483
94530970
27313243
71533072
89359273
55996509
37158472
73783712
22656502
71891355
58543771
14880471
20204112
74982832
86365903
37769910
95289849
93160161
34766746
15629748
72264702
83663190
11831258
63467151
91225817
92119200
15227880
33207090
61983474
75446852
92421525
84512714
3042374
68851269
8697562
13497603
1487207
74341894
95476485
27071058
70693147
72579850
63428538
31763065
49594407
70029282
68895195
80097250
15246189
93888005
33056385
63932255
64253973
36645170
81894068
4437540
77841927
29718411
98826923
19469327
28872756
72255501
41838240
57543105
93583594
84533949
74194163
64062562
78223920
25729510
93734402
13098146
6643221
59812445
15707318
26862175
97911702
52596672
67099101
55052014
20185619
45604179
66333121
21327536
99795730
23574064
33842401
27601392
7899688
26633419
81807947
95391192
10226924
98624140
60290422
20322529
94497049
51982278
92068441
11808866
5359105
67240942
49448424
79359451
84371225
37393892
1834402
69384103
66344873
34217148
8264960
17950178
30773745
63166613
9168559
915399
21099215
90574342
76822870
56262089
30054488
17030375
20527615
45421283
48876690
58574180
27228259
19128915
26595929
39805688
57304026
51916349
91496983
94018659
92681396
68409705
91523603
79539401
67310668
48971833
2760014
80941037
82231171
25617050
72440586
79845901
123144
42093602
91674662
91281670
3426421
91699382
82722091
75502396
32529437
22707912
18032682
93216458
1615137
9792395
24987170
30165443
26352243
95185781
25064492
54713778
26833198
39198265
64386168
49453696
91624731
46974399
9496293
3005237
59332000
89075261
13821956
5470633
60961217
36100051
11727041
93744013
90498423
57139931
24303566
58510261
7272385
90707693
63747708
90699252
11695533
36076000
65235635
68057509
7103513
19058827
30448229
86510517
93973001
12260061
38696877
17617522
43665229
27508853
3823225
77520216
93660063
83817262
18799027
47618687
57980052
46992403
88314810
14854220
32284079
85047476
49629618
87681043
39698946
53556318
30386079
41618591
95430212
21158644
22140493
98479423
47678869
89818735
52189957
84612872
42550532
4075029
21303240
89153227
2987938
47313486
77245498
56205230
72616154
72351095
16652465
77934952
97697301
17685356
11014216
77959522
60287778
44945518
3847878
32497629
66515208
78052998
44180092
76398969
34436149
9083744
14671398
88728590
33724498
49386111
24360855
61827729
23758629
24627987
21156276
35446209
61302076
82870612
93653345
24831345
24377473
63361385
9232511
40332215
33470435
87800951
76599021
39752257
30034610
22525766
47376802
62153060
83284596
17390416
95366667
58895165
13280789
46566842
56177877
80417483
18781754
13069235
74583328
33567544
45890826
66503074
14921807
37974682
16452348
17007562
41561023
23529705
47220611
11038391
55255031
25895101
3377019
67369381
37099369
89244678
31941388
9389685
72007365
90984053
25012669
69484447
52922467
38832183
41602637
77101658
7530592
77820794
84674769
93744714
17361810
48568054
12819580
63787395
48447652
13595276
54200916
128311
11134009
37396286
89745098
10612168
43970510
61271022
49356186
28557685
41902942
88927502
14081112
30195934
49741772
26063908
10057597
67279002
23528349
79848015
21818378
97696612
31901220
5685736
66437944
83313737
50772491
34549265
71403317
31189970
23610217
93182412
19196187
72054749
93338335
9615372
43192368
11296893
1861670
85078340
16645982
51719492
4972610
36154101
30959008
76633618
39263505
18554781
83793919
45028663
34650661
74351229
51590432
39088832
87428662
5234768
18111685
5304577
89820186
6438707
60002498
81578182
9161615
79131936
95700953
82021841
35277252
20566846
37111916
18085908
13292211
82440439
979250
86895834
19039753
73926526
74348164
99058303
39574558
28114240
19083567
76313451
96899368
25912602
68001155
96478231
78729808
94683551
82801183
15093253
39367749
58697385
76171877
76072388
60190100
34674143
97374225
89620452
42900075
47145485
3139920
83057878
23207967
79612390
17586157
76156977
63021931
22506991
78110331
90981547
63086227
62247093
20349692
69772475
53653202
23861720
97740343
10149771
15126733
64964922
83879340
23383034
25321450
88797267
98818619
87779922
95363542
88008172
96123645
16509799
93945648
68516105
69338022
86415992
55684179
85541660
66668902
7610193
85098409
60605958
7894430
82234021
26431256
79079833
54891466
76438811
41582419
71832843
58465645
35141836
39348201
32318136
83764554
37616367
83695345
9486057
67177079
11697287
7735481
21913599
60414974
66171193
89175894
92362254
10560122
24635229
16614603
26445789
32556760
20045839
99226773
69385450
46812768
84325174
33148905
27885607
79532977
6778481
342202
98545109
97804716
53448083
94974678
96610892
75894355
70710813
88493201
16987174
5106456
7591614
68142632
19613634
30578159
43370770
14882386
88179192
91483412
37271221
29102887
71937435
39323116
74480545
49373469
18318598
18437529
3394194
13142536
84895449
12643261
986222
64850067
3290132
75069423
73898395
55021532
68674783
93655304
68501381
75280197
23385423
52037236
94608424
92955024
96849749
48125303
42529492
82656105
23130376
60839179
46826118
97803253
29965175
33231624
30405982
13074552
5269241
19841370
40047421
1167512
91451971
90900591
51357721
40082824
14804885
16077945
82797348
6735622
22965641
61167048
71821854
84373142
13063742
87796061
65672712
71423395
92832539
82918339
99901906
37848903
15477030
2947011
58296648
23939001
94276866
91797462
94463173
1900687
99783557
86345511
27232457
45066756
82879293
78241174
59892960
83224286
97589477
85487764
62067751
36297658
6356570
22980765
48305996
55816660
56377578
58791765
51279881
39210686
47759079
6966351
31871130
31096739
26981439
41062852
90603821
63000654
38750818
37223293
65495071
2423402
15099663
51666679
21114970
77089119
58139507
52069518
62091801
27335341
84501895
47994761
45829559
76146381
28326261
66205656
12405664
1173354
14287041
29436401
44504253
55701695
17799981
91642780
1373426
93568752
31057900
36638774
40492765
80935951
66271074
74151470
68087019
73296239
57803037
38417212
78794716
14918711
4883245
89429381
43268925
22843068
60153474
36685089
26240162
25688335
72138607
29142956
24121886
9506606
32207623
68525549
54951457
58466061
59636508
88091871
73421807
93706488
80683748
37747882
31676396
60341366
77246011
90130369
74417986
54715707
59119958
71288129
16050082
75544976
42419098
71828118
50656541
30809773
81685126
50259327
26551750
99544853
42940639
59822555
49818794
34200687
15805531
93835323
44884128
60294822
11632014
52453848
56363820
33391712
45001696
69098767
79078561
5040411
9460084
53533369
44685771
12232567
19281768
38479660
99189993
46997487
4213997
45306521
83255141
83379938
49930176
63337405
72829120
17039503
46729080
10683275
33777214
6576161
18669371
95351131
6910137
57071023
77911416
37423423
87535648
96551716
69572886
59460274
91554597
20739251
1802163
3055403
69047720
85130374
46437474
9375341
13132232
27990921
28198272
1731830
36535536
39548780
33914925
75236989
40603859
60002200
58759496
74193599
54876899
83488655
78674132
86675737
9389052
77181905
92467643
96913639
62768431
14181171
36123051
4921606
7840840
4304265
58867150
97518321
2477241
20354149
69290976
49859252
83868162
49127822
92375833
76283944
26169978
58998010
9994238
71314800
70480087
63134784
37708653
36391761
93978810
82435731
16645915
16085409
92557069
33558232
27329058
90785032
40352571
39390381
10462280
44526367
57001139
90176850
15840843
42321855
49043190
35480164
87027830
25970864
95792010
64659760
30065820
45936864
30408636
42488986
44419274
57269743
27750876
79054258
27041374
38593866
72565056
66834072
67359537
17554210
5384894
97921544
53097282
73040101
23687215
47884155
21775796
68377050
23475428
23051200
56624311
33548091
72946045
52759174
64189581
94512322
24400509
6028633
5879869
86708540
72894269
78685858
73691181
67514555
8305699
73156600
93878120
5289522
22659588
11230178
95158956
42745731
70394737
67060073
43623139
99417963
5497180
84166871
48568094
61447431
88093551
89358213
84253970
10973682
92719519
78715623
12115500
80850093
29920886
9275328
6011093
59800373
60846622
56623070
68738496
79202070
22208280
71354997
95914028
46374957
85866635
95649922
74112445
32500227
74857547
39315705
80529376
4936814
71185256
80397329
88633856
18646174
8332222
410224
54636674
34932989
37219581
40448075
90569229
5192763
49247518
21410082
90515965
33642875
35023268
79194416
6625504
41842981
28880239
22501422
66632168
53584438
46656459
60929491
50450313
4458292
31640864
17931849
89066334
47530871
58564454
32078984
57908839
9735122
96917363
12028632
15837650
77516199
93034049
48634075
12048138
87964542
97706496
40026627
53641457
45371458
49651352
22878760
14100863
17813936
80697068
9426755
41693954
29073952
93011624
84063754
88840221
14638309
65670721
60670949
23622311
44628849
74736078
53331807
63633439
29567054
44914476
42164031
42462961
42816825
1417871
83857882
74044545
7901795
81156572
17924903
48017503
30344176
93681674
60849522
68268544
48282840
98166582
36665540
54611950
58472451
49520207
63564740
33603732
47387733
77368048
50014634
64306371
11026756
49471892
99305006
40605456
85046008
25340149
65787275
58937545
52930437
60998578
23752670
47838494
84821020
11158322
70619501
31018127
44337446
46894164
39517964
63362829
16179972
2266705
40301255
72237434
4020134
44729075
95437699
17949687
26335759
75710990
84425260
79988653
63830874
66800498
77099698
45176307
49851025
36462603
49084444
64740867
2864113
97983543
15009889
3696876
88643526
68811073
38336985
77469303
35869584
68687181
95750635
15876762
30800490
40510906
34766355
15319648
82436528
69941967
39788516
47548758
18505824
51349781
63649348
74459083
15281552
8151151
26825761
64768915
12910587
72806405
30355521
7359272
62541291
54302075
69001081
87421656
22434078
90984394
70264389
87452822
26185459
57258331
15059032
76254920
91036800
95869810
97850189
13626111
52476233
20138944
56497093
48977540
93507014
60158967
41135853
5105969
6331952
97606787
56477626
90787689
290369
96910711
82723089
17777887
3548300
10908441
3772192
11313592
17360782
57918699
65868200
77721393
66561447
34531996
41427600
51380597
34066763
52739907
59553396
53865817
53087935
78153707
55442544
86648653
93506509
8109710
91565525
95332366
58834637
68655264
73511288
96474824
90838807
19498057
97240275
47676210
93813493
51232015
63778602
45650836
88158888
39190428
94066007
95100893
73404899
54015401
29344283
85992394
30415034
74008952
85403080
43530962
75351154
34615567
95260284
74253586
82199080
82170162
58524075
59576651
83035648
12270564
43252417
42940327
83582673
45668187
17276259
49525287
39159911
33001541
19009320
94985610
99241990
88519898
82428320
46950837
84281873
52050154
23674751
81817316
91387263
86499054
45285784
36872324
16170343
62191575
19287770
19652487
68812103
57886034
54178050
88365712
69593481
76281272
9658675
1672148
36171823
64843073
20985194
67282840
21677587
10328991
43064224
2188806
84652010
11395303
2724792
38364005
5072602
56937474
61493290
44590631
60980147
46317772
57686537
28594300
33081290
80908816
96504761
47127257
90547318
16748811
17340578
31203252
36697014
88253383
46448448
59838523
58082
77246232
24816199
40850385
41579755
38428666
22819087
16298192
25105797
48509024
24410030
87478989
99468492
90466642
40639524
54649794
5832902
74314220
44422247
68555643
5256888
8022118
52357138
3991165
16386721
30476284
44765678
21908392
90676182
27651542
76745782
53848613
10298374
78101112
22982262
72937005
37587538
70339872
91588621
45802794
41103565
29315759
31465605
94257501
62934267
29425940
75831910
79014413
62032716
55337991
89454790
34738480
47624343
49998278
79183391
25582965
35574655
50389867
6403720
34902368
95729375
13099448
15037100
46641538
67300307
70624822
14811988
25134260
47385255
44390784
4088544
1955986
91247968
61530806
29224189
53249354
11964311
95577534
44143598
52510546
41138492
79714280
76570797
87369059
6281513
76940186
26433364
36290656
11137981
69588322
64387222
36025966
83120126
30108885
65008691
94085760
85678596
65061605
82939836
66983481
41176648
84522505
38440601
36882452
11210779
45287441
25813116
88561992
92570836
16652422
38572803
42862118
67260962
72955247
36681493
93820605
74647448
33959228
94980537
2120496
76974109
64435917
27035643
45994573
88358910
60235549
25338927
72251757
27378927
56514551
14701161
53338487
19153484
10739659
75003114
32128342
8239665
94631315
44029443
569713
92324801
47684420
34400786
37020560
14331178
30970301
588580
63717176
93620147
77926286
95997255
50992096
49668718
57668509
69334793
64071062
24196152
9744184
12400272
14518455
600253
44667233
41384208
49439640
99006324
9445191
89845690
55507628
90387726
7987351
50092863
83061800
77951626
7014892
72599220
53158219
83810054
97817435
79848235
67619861
64223053
62342962
96704340
32103147
52303172
54969248
63028391
69473218
1771624
10405316
40884115
84124899
1255355
18059872
80534995
10803405
69722122
76477235
80557129
34891348
89849429
94578473
53882385
41596274
23236938
48555172
67377345
80016179
86140104
75921207
59083000
73266610
96151686
55166735
32821053
7229651
73816106
54593383
28539724
42259910
12125738
46798390
52233517
14882936
41690618
24014814
3672200
55144040
52036178
10389280
22124836
87941393
64983149
17340819
69274568
3290798
86219377
59231119
30226856
98321317
86559380
58850455
27176879
57545612
64599446
64242216
95685718
54691657
16102486
38384584
65623201
26364977
29645579
191918
77780475
54411221
79555644
42311235
92944943
45862156
59162563
65944540
37602034
98508189
36830892
92132982
48650780
55193813
35267513
32016319
15667291
33859962
19107236
69505211
40140699
55666094
21394344
23906005
43147502
23396972
2227189
46587151
40112806
29093775
72263775
7896048
30239481
61480377
77444896
63116487
27307185
75278390
40869815
17382921
81401375
45944503
21550633
17677719
47684064
95896058
12691908
3349554
24300837
32667619
56388325
51958851
68638669
26383465
76593109
52587062
57882348
67988894
17168814
95139121
69998305
77999729
64715960
48880312
53427950
25321464
16359532
47741104
8838601
73282185
17786412
65690189
49190588
4017121
93876203
83729421
14984178
6082229
27155935
98354608
4200801
94294223
14805087
62345779
97237028
16388416
47696606
86615811
83114636
72434186
4767132
96804930
78352547
35909669
51911498
25350018
87409552
30301734
88409082
30059838
53911708
99813552
6516697
34425939
86169951
38586294
94671428
13287232
69615785
38491435
95413404
40595474
25253386
33682761
31353749
76388369
93489233
20880834
70389064
76568625
50424006
77243961
87648517
83072363
23492662
12273465
27233923
35068467
75221563
19519592
91992781
71498134
23923820
66499376
79258133
37069752
10929586
93779917
61610061
45510342
51762581
57190680
13833889
4591759
39610752
28710751
14604802
66638733
4041782
84624096
44997633
21290750
33161940
16279666
80214868
94481274
36724047
11812114
96089908
82094520
45879777
37734045
25835181
84578692
30710509
68885055
14046020
57263724
21673864
50233815
93432102
30909061
15350373
46292731
96612431
59572644
42875668
12415643
87336283
40086066
23922018
56126473
24373036
63850237
28286007
53361331
67958182
6367662
31673076
71786300
56475966
40866483
46047178
39506730
41028001
33421413
16761368
87386370
65354173
66330760
22502336
70227177
65953471
69868296
77568045
15455290
27482351
75262801
63218310
15116577
97278516
17469729
9561676
89114516
69770630
58207103
3970398
15090250
91104986
66846248
27004121
89877510
69361360
56879066
434298
18033658
28952538
40595329
22237144
10386718
21537754
48248758
8904172
48870419
98840344
5183400
91314043
51002315
70178606
92009604
51006558
90534848
8958539
76413171
1508626
32682832
9649693
55855757
82063548
80983859
29130629
57655754
61270392
92810855
80427923
26373280
83548641
68628140
94120947
20739173
74501648
37182021
74968989
21487031
59858648
42328036
57623070
67948558
32495788
52934211
16659386
45821155
54808677
41103853
37381921
72210846
86059933
36013190
39321655
6854523
38946046
11996954
26873697
11511900
21875001
69341978
27826700
214613
8208398
52148095
12823578
42358278
64979027
30461393
94434526
67741546
98762965
62282384
1440139
47576464
67659086
90555996
27595340
17043491
7299480
53391978
8983390
28265552
13662426
33504371
5656783
30814030
51217090
96513335
54024818
76181242
40106520
83015629
5009530
44007000
12869832
94892646
90857871
87591969
85989914
85264283
13585117
27598068
42966862
5335397
74076329
40011439
3372088
98691955
21494355
57085146
35506715
6905481
4524102
47536603
90895510
6711024
20464204
97755233
25410899
19548461
75859319
53692553
98960611
53675925
78895317
51584937
2389022
45825144
37800287
66803336
6593172
70415129
81033273
32925758
85378873
78949532
54935818
65001104
89455943
44091800
72117349
66972654
74852001
87075499
491239
87370367
50818598
82391727
53209945
11265219
8128540
60267176
11582855
10458321
14328314
84253145
50358405
63166310
53164438
76840912
26492016
48496681
85893540
82169914
34493231
34836603
64015815
91246915
27147812
95655521
38479072
38094111
90909211
18046600
2348987
36940840
99941990
63973091
86187360
83638018
37588626
99421807
51088040
98265789
27886677
41624652
66819547
54861545
95450394
43137687
55497514
12282089
11570483
91967790
17136460
54894789
83643582
54127986
15403518
12286700
88673700
20481596
33030596
58084116
68809381
40479899
3491625
24044769
4806341
36168361
81454851
90402444
47874255
52999288
53006995
92007650
87800302
52278651
64927156
45327751
12424542
28503082
70500419
9487001
43341923
52050233
17719132
12067173
63537238
97021820
23722807
26379889
29450711
83859609
48461483
21995581
96903431
53661163
30646959
79464398
49139497
50724080
44171372
28068705
64857157
58417164
47452788
89609938
2683595
37514852
71861699
11495860
16999400
99880422
25879291
42638798
92141768
63571284
86484589
92012942
87565182
74067497
47684142
10255048
85804698
84331916
31613241
74492614
39234274
87577935
92807862
66826725
33413026
65429910
59835254
25039675
63664940
31563455
8174041
48082727
53895091
61317934
2181096
37622460
61286927
83799903
69498020
87652328
10086027
43214372
9320310
66745753
92351536
66431506
40041217
23277720
80031218
82006175
21342437
3252167
73790482
51288527
9108563
27443063
9061573
42086055
33887539
37793168
26282101
43512347
27694201
70086942
85327972
47485893
63042505
22691755
91889607
81695704
80740873
27212882
96319226
78315564
34537110
13220301
89635647
77767661
19458187
13737290
8116019
58301853
51337620
93567604
90793037
66561347
99691551
53923509
98395707
6586019
96180041
52809032
69985749
22624423
25946459
5536433
80236422
18104813
62624454
55942259
82050138
61827038
89875328
19670063
20022439
11585569
33436503
43704481
82651017
64143515
80781910
81486067
27418234
9632486
94438135
80604988
40324884
37693853
3373882
71902846
93781399
53699086
43506533
6730902
86238344
86571781
94745085
45562056
65884789
57567467
64897310
28447614
19294914
77387965
48078988
15367588
53316893
29163397
48011178
46491171
66836164
66262819
84520074
37529959
91360895
1760124
51475271
22039781
64850262
12072291
33959389
62776524
86970856
97444314
76780295
84382895
5013675
60966717
98402704
86275376
43878853
63957968
45904834
92409190
47573765
91908585
71500538
18318292
44726284
81481181
66096410
27931385
94490608
84658685
92802377
11239043
64208086
32553454
43268119
37437767
88966225
92701901
7214013
31320729
45608398
23019285
10997500
19452213
83405144
44091192
48633195
64135113
93297878
41909778
92280472
86759180
72952997
16307039
57328005
16327501
60623352
90785130
99639140
68996325
82738731
14727540
74069218
81606409
49715062
69922859
99522534
99851393
34973311
2236956
15187341
88211001
64346183
221025
23270295
12188038
46453640
84926604
54668143
78915371
95122084
68718656
55418488
27309697
68378664
18611486
33590707
10495833
53069352
32606058
50680886
81987325
14052650
5311238
91265591
27360152
39672314
62002960
95162733
15334907
38177792
47668921
51914822
5494504
14489321
55906015
77292655
92954771
78466972
8853693
52288729
91131386
5147410
83544161
20140644
81425053
37672533
74855698
66270189
12836291
12275326
5236329
83047742
19596253
26325549
45999259
67212511
11601721
65998668
10345693
46006324
14483046
7708891
72754040
77678968
91494899
61628909
72690484
93424971
92894900
86246465
75639965
44536732
22776750
11801671
84994868
94350809
58407848
70727299
42320617
78056116
1970278
55787842
84848240
87750210
89649975
85467314
66222068
17337392
1492004
10916718
58748468
65243785
9568649
90889916
42617774
47280715
84334008
56349367
91800770
16501773
9155824
50922693
26041533
17713715
60728691
25226413
66129164
70838396
5232428
81548123
48351645
11590017
26049626
47339367
66881850
71615709
6718777
7827589
13942906
49186018
49222863
65970507
86426439
39355035
62572417
92259298
25483481
37952597
73495255
63152392
19010852
39050013
72056541
76764097
53242313
90113397
54222779
97999414
89864849
6536621
33417698
50607622
29836228
41912067
20386806
62111084
92149485
99067163
28593034
97324350
97384906
75820684
64498179
73399410
6721443
89748552
1834278
33608988
68115789
90968876
49066945
79133283
48123499
40270306
87347105
83186196
31813024
16432325
7959014
86062568
47416719
61335479
11195939
77856429
46998673
12747612
13003394
42692328
61049932
67421810
7217390
63311776
65151107
44178949
45528415
19563913
57165777
37921782
94763553
3026790
29529481
96968729
8707323
23650064
95606010
78989470
81188044
82061179
41864524
7255451
16668498
15306084
95334578
74127421
32355328
1558077
89147142
48843600
31660811
56266670
31884703
7205288
70511227
11450703
97113389
43332680
40258573
9978098
46319400
39459483
89059216
79605240
48491333
98105194
35988784
64787421
68837321
56560888
41662199
3480548
84741071
36212197
7085074
91520209
6779643
61216536
3057121
21482950
50298594
51980382
74597214
89467324
62733801
22479209
94040221
47561258
50211939
72595723
81698075
46911306
71241626
17990741
36726629
98960328
36975125
36968632
52865704
92002535
11631740
78623493
63285185
42876073
71741410
77222792
6345155
89019148
2658689
7009996
9705156
58267505
97642642
76338074
22171930
85362857
39211361
60792368
44731061
82246090
72708941
16451734
98495474
32890394
24613185
19136987
34363449
37263358
73610355
38524072
90041887
69092857
42154471
55429301
24487715
17005376
36481463
11604911
276081
68145789
8169893
37927337
1732182
60918786
25818677
60590403
99205623
32976009
51202063
54138941
70563899
60982751
71753493
92567439
62145045
51597641
37855013
26305324
34401023
70770285
40435341
14409662
30039175
1161261
17193626
16270591
41125103
11048452
19370015
20495330
82583276
85852196
55056726
86313901
64805549
92991684
94660803
89555947
12258456
39043050
6361342
23384947
7565131
78563400
72199066
66476911
13872811
41474900
43649099
62095896
23612590
20692031
92022896
11320684
38412625
48487300
91381697
78788710
69177536
87151392
99293624
70854237
90364779
49076356
8449821
8447603
26591765
29245823
92276763
20285385
94448416
71779368
60582035
62014075
29149171
18507642
12550645
81758047
89594452
89481063
2720687
64800078
18646402
47140796
12090949
25545443
88057512
50852655
12233232
17771452
99211231
74888093
649607
90112157
27267791
11563474
21689338
43110613
6398233
13315282
91517468
83271985
59994273
19429949
68955945
60939098
62575990
34050353
99151392
74609940
77392116
41720798
49997487
77477368
51956036
28788766
78213388
70335687
36009076
37594518
18437333
57722612
71840841
89306943
44710341
1636361
88550706
87438392
24736178
17249554
48250955
25026268
68191680
44147708
41503930
20618450
96615506
54151424
85969173
52207194
78035237
45883995
80246719
43536846
11891375
70077577
29441919
20087130
15342743
30544432
83306354
44735575
27485271
74531613
36660353
52089349
8210054
94352562
55036669
85401129
92464013
43932063
52099135
46592131
83340137
84924970
29528579
70487812
77234886
5018376
83384688
19562183
73842648
17840373
14932328
23658027
13209218
4338802
87511129
64013687
37785848
25366856
17609233
23834070
63603728
49841854
54428053
12617106
8975695
60394281
36322008
24533749
47675383
96614514
31810881
93356453
11212260
56561325
19474039
39623310
91328819
1274689
76249646
92602429
82130142
42934881
24280462
43638559
94754862
64401740
69599878
78160992
26895135
36171252
71395584
5922952
54862571
20803292
22081281
86109239
23336531
84782957
59865705
54870932
48150572
5387981
30080611
11285135
98789417
55728342
85833802
23594403
70682031
11689551
84785912
51179329
24882025
61911103
75530588
81868518
29312486
14311046
18590188
42032027
39539855
94249381
63209753
60255079
51480508
75692162
11124838
26993615
46965876
23603510
7316028
54322361
3121507
14918779
4440721
63314803
91970452
61299023
95222682
28221628
46187746
14916389
59205471
5924493
73612148
31285882
5038633
6148638
35496931
83241021
96825543
39044176
32851729
79136611
62004645
63579315
57945738
29056117
15508150
85866643
49440709
85944709
94276882
20611721
27215133
25987790
97440330
53809983
33185287
53264988
93725156
88372282
61178521
445105
58719529
90659538
18623463
91577797
761771
69812645
89087682
41410988
68357059
41805980
47491532
67010357
30951711
50344730
91932094
13106454
81036658
76417624
9708816
67311083
5801904
39871415
31657360
50112049
80408732
7551540
71686331
49951503
22550266
46248091
68864827
90498647
74874316
69175405
41766438
25110141
71386373
49025210
44775232
97132484
35712820
89362983
32260947
79247863
89503701
25559341
69152463
81405526
75088072
93741663
20786711
84540968
33875847
64984435
2970937
14930330
54528385
21683346
10670715
43986511
27253175
23438457
69794409
14773409
78633373
28507473
70500300
94155754
43421677
6406714
71539139
80956001
72591971
36027007
33168842
87074824
63693109
83685522
56705059
17367681
23251683
39931489
98504156
85110305
61393010
25479459
98701658
88552343
88954250
26378361
58887899
95621742
97533390
84049517
22031337
42844042
55952380
79357201
53346193
55124698
16886306
47023059
43828135
770473
54009358
64652246
15439355
51661087
14003005
18831196
3972589
358618
65785300
27672604
4813576
15002067
39332163
29228638
72733333
14117786
66057484
37812201
97536859
77312420
5819475
65179402
79162869
66388886
336361
30760792
85127166
66572793
22502816
55382858
49479122
96947201
93189969
42041624
25007186
34385490
40025128
47663085
12251394
72761836
607847
35226923
74247737
89713412
14851277
71558578
11534439
2642274
61552921
31942677
42273924
42047343
41045299
6893206
42281321
54001878
48238634
68360916
91297497
78332866
30689081
59067839
81026224
34493952
77877966
18637145
37484126
28927848
84161861
4413343
49196579
55919877
93452454
51286817
67375857
36471258
60005285
72178693
58624849
38977417
89068919
38408084
43136829
94063661
17245677
22070805
97783809
11898008
1369760
3988708
617552
37523043
67679963
27971151
28843198
58028562
21060082
30532664
75439264
43757636
93404728
52110712
8638756
43422811
60096508
2373159
77196948
6519270
25905113
41105389
97564416
90488045
91725065
79480548
69515725
22858103
46547396
53427009
9959188
73238469
92463302
10560785
23417759
90019419
20569560
3678681
54374713
62345876
31598317
24621108
7691439
33238381
73221253
35491600
4880846
80883301
27010765
22504328
57095378
72321755
18795609
26997341
95769393
64385759
23825429
2036019
44384325
91117188
11232911
47572228
39058244
60819265
49324977
83335060
23661619
34559751
65684456
81448372
35932597
19403461
43093891
93412020
43109912
47493244
98785410
80238376
15984503
46445643
87858714
65438516
54581136
44276822
81391103
93903487
52349139
18355449
69671546
62369568
90206979
78071780
69271601
80405151
17174252
19583184
51276858
27695667
99873492
26458686
6753820
45805597
7002716
90470352
60454033
61434236
67310778
59159371
66356770
18657595
25148296
37415116
24054544
53903265
21804598
70297548
62747343
54926920
38181989
16003811
3753559
24000605
70917733
52191232
93346915
72771899
39183899
29350848
16636337
97668894
40646893
99508336
39386143
50968311
57652871
50990263
21179204
71355036
49952094
1498153
97304577
9952824
19475027
50387656
59900636
35243162
50874335
97551374
91528679
12894280
19723269
20674214
33344978
64756833
5217491
47649640
45084757
33987426
27215616
56007278
65942658
81853206
63912561
97400049
65623439
95871641
22553571
10413216
84318366
8435740
90934019
35292581
38895161
15084333
39783434
15488562
58511741
72872728
80499058
66554893
97665912
38326301
91853477
27694451
20129440
18527484
39062401
53254493
91310080
17859987
20160729
88361795
63605430
56740130
93452353
29663632
12971257
96186722
36009022
59369553
68580410
87358213
36031686
76407915
1153018
70725031
10478848
31752274
98286895
62971149
62401285
25180842
25097258
3458084
99962115
40390556
7113197
70977413
83119340
82200629
17370371
46284750
91277591
62329015
54871710
10540696
85874612
5837418
69391183
58169363
60362193
6072003
84452729
13074099
37444684
49263681
13384170
31156962
27227225
62466376
26763219
27018105
96350614
27179381
34576378
37047302
56279946
40600299
9592423
42806266
1457530
10254142
37471102
69884379
94499189
58723871
11513126
29804537
89317430
17873084
10351072
90298329
78456320
17267203
46696112
63030016
18332891
38595133
93979161
6212066
53431485
13454231
94428297
96810446
77596646
66061785
27412821
55885287
58530389
98833191
93183686
17871263
60114087
90808046
27841421
10228546
7811183
39758107
58458068
72517302
37247235
85991146
84817298
71816997
34435343
33943373
89860362
47022834
82256911
1472602
82658773
21698947
94141447
85382947
12979827
93253918
78280239
69746411
94903382
43274099
95521314
37326752
53927778
90714135
81370613
97284031
47644864
31863839
55953582
88635167
35611451
75426163
37819193
43372984
38458302
99052385
83148790
87467957
83869758
64565375
82880462
41899555
57464174
26053039
41496445
8140625
22137870
59246197
85197219
25000505
67014522
12718005
84555773
31226172
84984559
82513916
80196958
63031898
24753633
90974787
46953569
78956937
15352211
2948541
99742920
39321805
4625792
78705416
18947676
96475343
65728266
70446757
85764229
54372622
63811559
18062602
14615242
50266991
25656657
46317664
67455038
9389160
86597599
48181931
1041468
26481564
37994216
17561219
28776656
18110814
78807128
26074736
96419395
62481638
81118167
61938137
5791804
11662344
86818074
62107413
38836262
26787350
29036987
19253660
44241253
46901676
62092888
5922428
59530776
78165360
1148314
22208196
57283431
93375961
4450158
5414340
22140829
9159332
47165640
23711679
14063152
28969582
94695179
68718979
19448771
66862482
69018275
61717369
99785657
3251587
71855834
47150050
76854103
13131861
4013651
10089768
48469763
48819194
53139030
2946137
36222910
19742739
75265365
78105561
54979298
95723282
75254645
72754772
31851831
51324125
94095549
13230283
81707842
79960122
70426785
13916271
23195563
92352630
41036956
76170347
98197091
68101018
81404673
8632624
51275124
6535731
27725116
2333761
36302367
83485160
26721123
71844431
31765523
97228870
74478261
58555469
13412434
34481951
28109409
89579275
26879235
23110330
82077384
15190911
26366607
1796187
87867752
89319958
69759164
33188026
30382085
61270242
2543529
89469636
36881806
96120507
26736621
14495360
28918125
83050144
41754472
25569734
46039822
97314891
77314065
15224226
83093569
50597524
39030604
66151599
69974168
53550695
35010504
26879514
45182510
48685634
63032307
42428627
61122492
50240077
56882456
77376304
50499405
33358348
8219589
9047533
18035059
39145517
29888926
71696045
59551129
72951726
15494786
3078646
20880889
75041804
92966710
10591490
71053137
72430179
69609466
75404638
44886908
30578255
49961371
25065699
95616028
37164816
42054087
1833192
90961517
81661241
24834166
92756086
95378175
33735646
5081485
25414420
15487459
75908347
67715220
16248121
44985935
60380298
77335954
22083915
62792850
21731116
7832731
2279855
75708551
9534194
71926265
68505457
54036812
57389949
61392384
19070350
70269305
82543727
28038995
67757230
4190460
22417630
98566739
4913507
8259509
81628992
50204268
15361611
34648666
22203720
93077496
58717150
82033814
70795532
47174606
33423903
56101395
61015018
37444034
69771265
29518426
68507766
30767386
20239909
84740035
79349193
35743493
1238881
54143451
25971894
7458319
72326606
50439478
15318860
38724743
55462715
77586919
54637510
14791478
85764556
93411466
59138715
84087431
44008411
57779051
63803384
19770483
89711577
84991595
24143522
63604318
72719632
86990630
93201826
43603105
90655954
43608598
30834181
96373328
85327153
50804255
84718565
75582048
67290216
21099468
39407181
99741057
4372653
89766068
26459395
49715116
77182486
10976182
29507204
88711163
30551087
61212317
32291106
98211838
70996603
67003373
64239461
76178270
9946014
57672674
29128786
93423052
62966356
26387728
19352636
89687268
92408550
81743677
23033802
88226428
37529717
76197605
70558853
42809756
29697379
49353434
30080584
8876821
72696686
18170375
39426423
53445294
7986211
45374851
45541396
54988240
85753390
48071570
24513086
77258148
9604187
12306912
48823549
75459979
49010144
41647052
35609097
87857084
81940298
29334928
41000136
93719814
32264509
19321645
48482017
20018802
59982914
93110587
85240739
9776893
31440603
7354679
57600444
69903511
62059336
16400676
78591092
89648108
20800012
55485721
28283772
57165299
67204969
8763189
78514293
17567401
13960232
8188863
48405092
92433766
91887705
16266973
23814600
96571970
65529705
40948067
95858613
86685090
41085040
70150637
91800293
81988741
53827322
30303716
73134771
79385150
69747217
97060521
95843630
40253892
56128052
73209960
6249612
66582450
81254288
29193568
18618297
41091908
33106689
31725060
63773498
22902713
73185023
1754810
92493975
10161147
30398193
60254986
1484696
43302792
95525571
80671255
78860330
76060305
64631441
53313284
79899416
59259829
5495730
28224079
97724603
51722591
44059169
69955940
83819927
13329137
80822731
14520523
99047082
43271619
7069307
78129922
74046019
76907870
9143951
16417734
9742620
25180814
91653776
46306134
31980746
67241397
87998765
1248117
24910456
24057765
68402516
25003239
10365343
55906648
46368060
89947102
27141334
81497798
3915911
54334463
1435823
85254834
66252365
12937646
82159331
92811568
7930072
67434634
1432732
25890698
71164914
76998413
63891911
98439213
37400865
86404865
25268467
51851863
585884
56458915
14198982
20613264
64817754
22789739
24513182
1421950
63042810
79187231
33689062
7487144
90865020
22304374
64235114
39303416
42928121
21659968
36169385
17976635
90218503
28700350
84643450
12412614
55545370
34093128
43751273
40747467
52854484
57040946
54087187
99278586
57262186
64938650
18151811
78561481
56892215
25148831
14631672
34571213
61013727
6089925
96226931
38697960
61632500
79172141
49619227
13885990
33489017
24443175
95582724
42599391
26620277
85547520
59382209
83878127
85851153
57266991
58785031
18704936
20131349
50380850
21698075
9094722
52114420
22380786
20873450
65532645
16789662
97659344
74242118
74398904
52420955
7299807
1092154
81267543
28050009
56723995
35525728
24020007
16975175
97945636
89194494
54297740
38307327
48463982
96752276
99520178
8689747
57639755
25605274
99546575
99549813
70305366
39146522
62050775
15343669
81244319
56230479
85081031
21892182
25602869
72435604
49619723
2168938
69296327
10734304
60806783
29397573
83882842
9233536
45582810
50275780
29960136
40231367
52468000
99541547
72551636
39409090
15483316
79597232
71682858
81574366
23155994
59601127
62565944
26609556
2132720
72327490
75500198
33020619
91169381
6028997
91818809
8018966
94886164
58554307
32388173
49619755
8004722
85662743
75438525
68407913
94460551
90959624
53864629
15215474
85529994
59162404
28630885
87663290
42099638
53790615
15703073
57777954
80863746
83067297
72291635
60219638
45811481
75980263
50764718
12634063
55878411
8420225
77640781
55934117
23701782
99893210
53532390
32951459
62670899
35265778
4829135
8339527
22991333
17296922
9849001
3018477
26787293
11820589
363644
16235925
82338700
73786900
39840641
3462131
55772411
46949227
57265039
77821461
9786061
82712733
30360525
89607046
77293105
3510017
54342950
59317049
42618869
25002697
38172578
35432994
91810609
43610248
19563529
6868832
99145876
29859046
95909812
87305576
7838109
66217538
46394430
24208824
83889108
64942835
24235500
63562920
12282516
46867165
834453
50651318
4406001
87820141
12184236
87462191
79699949
19254789
79971956
54793402
14375262
10814662
25333475
17919516
18044989
73937504
74720147
41681657
38564811
11758844
84794421
27810435
85454696
85658855
40118796
81147716
88636658
74976367
50303450
21679040
11610847
63930233
59637094
25027903
92255184
22332584
38321172
94130780
67895913
33906188
75657382
95883058
40479978
3534239
47786856
70345032
76151038
98226128
84493357
98959858
34221561
14290044
62158240
83501177
44553465
6647901
83332957
70233926
63699454
98875908
89588797
39823058
24624863
55496309
94871431
40573439
23473626
55336567
46407372
29013380
34327220
46880772
97624839
13131501
90604568
6818094
67443691
87493963
80217671
99131148
56342436
69830243
35708284
20013349
50986945
15388644
40884194
10535282
56214870
97737060
89945667
60713902
68902262
81435186
30526860
11216770
1843934
47372479
72000843
3927030
7979162
37991659
81490719
77951282
88443007
84345894
69659788
75964467
84701820
63386106
80772495
6412765
6615696
74839972
25963430
95909928
38654471
67934544
47271820
94910293
67865975
16959566
60775473
63404039
4522222
27094418
70276814
83207072
72860497
78359488
67432769
28181917
12121495
95643299
47387646
44600691
81329199
82483351
40740257
87829260
10420427
37938385
76059764
86334495
37402269
33848740
58600873
40040534
32941597
10626375
65003031
98280507
5041203
52044707
38012947
42518412
6326579
90375515
60738404
54563025
55001405
15389997
71231798
88023141
19638162
3405042
16939027
54947248
30365731
55677732
78671448
17379241
10655699
54153542
54806669
10486707
28689353
68282767
33478700
15295795
50871323
2103086
26544168
46992265
1119832
29853214
17375689
86490617
42920902
62753855
31546692
34616221
45479931
71518662
54423205
23957114
3220445
28572473
45919968
44830976
14260766
75920308
964396
30955945
41814872
40411927
31561156
34922280
39216686
40525358
28744185
47538403
24379139
12422600
71414856
58474339
21050192
92352357
12721396
80986699
65496164
65535795
34064523
98469791
40516129
38223228
874373
68479945
7267971
28229024
8910122
92917893
38019961
96876526
76360577
57221224
82802418
22803935
88968887
53777269
96449793
81380298
78994148
58111633
40486933
91629447
21326553
72285859
75211358
94123686
25523118
98118326
56593114
84054229
52483780
34539230
41310558
11665167
14555779
7884983
85796974
92084891
76480937
67681832
91147934
28507226
41331713
86179586
54894506
60131394
66439516
25193543
17113038
23662216
36347171
45327279
55201236
72415925
23084247
84796915
55034788
59636534
76636507
77468570
94308092
44528846
31156622
18646458
7627370
66397296
88081594
63223181
51642018
75243555
97612277
569396
34910499
67721074
17733503
61345422
40965398
29798540
79884035
87857551
77846855
14798328
5693793
97377443
88700333
65353609
75432207
14954336
90015133
59336159
73795639
12134812
4455483
38362705
62857611
42834327
55252074
6708403
4666826
59682666
65624471
25714878
96674904
34649470
74466156
76719878
90172121
91993503
25364838
81583476
72665687
12880940
94838986
54550087
69466763
57556818
51085000
27981766
18553545
269986
12280722
83204816
71398600
95277104
97432550
68353134
36848697
9936376
15357527
27782792
80295338
93073665
83331863
21018328
41286478
27404678
58839240
54747050
14789493
29784530
49103733
77587641
60258815
2611836
26448788
73446749
6557214
45232781
2138269
22321435
59525920
89204603
74689865
98379304
11375222
74535965
91692121
35726097
48571218
76659127
97291753
41435561
23357910
69659487
33622779
39254526
50247471
52879273
89798227
80598939
13932782
99660940
37704074
13164297
81069238
90336825
7372748
44415970
92207972
88269589
37065226
366580
20717488
26773051
8527993
46230238
32525588
63734832
53468411
68199631
24452631
67070778
53769182
92698293
6889316
45864848
51474078
63042274
30353295
56258953
49452930
78523822
46339198
21302608
77670664
81447430
24024775
79634503
76552452
79289860
84820481
57484010
80164331
72538832
21026739
96777001
64559419
99864168
85608421
96132467
26881428
72695000
87459680
3242291
38264109
56943220
89186712
59848504
96155258
21134810
28639829
62416437
1426287
22594621
146149
70567340
98774889
45196310
50626047
6755482
34734249
95020213
12453555
4402028
47716137
98552713
50083335
29466313
61861149
31828149
99613442
96408561
62469467
81617736
82599419
35812113
13183874
8437827
99249927
61938878
35725876
46394751
86555904
14801444
21342367
49566123
21989767
38329147
94007615
92964007
25601641
70050537
86520182
32250361
21163277
73081405
70322810
61353026
14647966
98803576
61244671
73565630
97748301
41141850
40155899
57070997
48792782
95438949
99669897
92632764
716983
99113155
20575134
94696610
39326793
62601103
50339983
83914197
92646226
63427830
34465873
23991375
81726099
89635056
1089818
2744791
3499719
70516017
51665779
4513576
27832557
38305127
28182005
80266952
62834436
3747776
65353418
52665174
85650649
6052128
99503268
3844479
42461107
90559923
20202432
40385419
86691040
63680935
49229794
5505873
52045206
30149251
78704012
14225093
19737355
68196315
4878227
29532071
99258920
62944199
53672090
96441541
70018059
83242774
22883074
59933491
83831047
46449858
74347011
59405094
26416521
26449923
22388185
99671023
141499
16673372
21608562
25312602
52016577
41804372
12167229
86193308
51565652
23948590
65741257
4414222
97185964
99038427
13058131
60388586
42339710
19701181
82919825
63793031
90013730
91959605
79340132
58208037
51661429
38093683
72421652
20603045
98746938
92265638
32181823
29033111
45216792
36137057
76509896
49264799
38381682
56096395
45339172
66631664
56131956
83929511
99424120
46527012
92553891
14498365
1604537
95430696
38739727
5727683
99224218
58300727
90091048
79352797
44513351
13049174
26090114
67698198
80440925
88053696
68926334
58796782
49893755
9756856
85496302
38019581
71470998
31402672
92705253
3994594
78153725
50116688
17911854
72487178
60898464
77850968
65731045
37626706
20475136
82850775
16953746
32185116
62156651
54165933
59475294
93314175
35302213
76920863
55891748
62916720
53488663
91067164
62562191
72748558
82862288
93794674
65362450
7387363
20122814
13614976
78864420
72056693
38123409
77908700
58142524
86987798
81389535
61222048
82757541
19666478
51307667
652416
20727629
12600204
93126102
99495094
2787602
17665927
31233741
44674067
51926801
50484365
43394423
63590879
7667143
25533452
86715347
63490779
56249395
71030565
17959882
55712748
35568163
70789857
44640286
88532546
70602746
67492749
81845431
19801969
62881283
11621818
42529150
45600826
74158312
77687486
51944327
61784485
42239888
57162009
9347334
44668311
97733816
85452889
32860537
59513713
1677587
21385661
65499574
47326002
70980299
66759230
32975828
57762755
6277305
49962789
66044992
43928433
79066048
44612851
54724748
64400301
167086
36464842
47366238
49516669
69361948
79133461
18736977
12179595
44778169
7041476
19756483
26473725
71792706
88020068
11948539
89117393
36294793
64106940
56955905
6354492
62106790
81952002
27064166
22044412
85022374
76371846
10077870
70808703
67204529
92252660
41885174
39024529
8501363
80375285
73505681
94063772
24841992
27407262
73656292
72209356
58084028
18309937
79502518
93782725
22717906
70038912
34860855
78580158
51857135
70706739
11894949
73533952
6469261
31838745
15825982
11065804
83025504
85147260
35265671
62924171
14860203
33355476
95003528
19006206
82051467
6654711
90665784
29922804
29718028
59890658
2226205
64271793
22704679
40658305
90980254
74319548
78480096
82139611
59923805
82695940
44796869
70856327
13187465
81602882
50914018
50381386
95979266
41370033
36649325
24338014
31321921
56574932
59751466
7513088
66144385
79443583
49260151
38564994
16451111
13684979
82941245
84118356
18120070
52748005
27682973
22537059
28808649
15297992
32734912
97454150
58311245
37110461
13362232
31567345
47985146
28637898
14304164
44196653
37832738
79162405
91816280
15382759
21451708
464492
39420585
19163623
11401153
76023821
80466309
98071811
16083740
56665926
57251822
94004231
91606358
24443423
31904468
39396924
73116801
13014041
53397439
39335976
37960987
10499739
23223547
79372804
33347021
54687532
18835344
730115
41940633
5717967
31507672
60946011
18178489
57385004
56772860
3397480
14558281
42365072
63791894
89441044
30271471
54421029
77324049
73052411
78091666
22022625
50113574
81502565
57889528
77764820
60656243
31994776
3637817
16324017
72814186
85372413
36370946
76462967
43289149
82958029
10212675
84177724
87133523
91186494
64664918
77310096
37345189
35018473
19006107
11269921
5596417
80293179
25267114
29057123
86762462
11644466
7136952
21722913
42495000
3130035
24557939
90708175
36154178
22190503
79858306
91877017
95267156
95268320
19120371
8841024
58879811
84547507
67153062
36954954
91173531
3876538
19796653
57905018
1567255
9620341
97937266
92526005
14645968
91052407
51503660
51760094
84453757
77066406
45098692
88812691
7236031
15651493
57253158
28709764
5711182
90497264
58753624
92917150
14428269
43399370
76240320
23696103
60236757
81425029
21811634
5623935
22139620
98724686
94296311
87041050
93311646
146164
70876471
27580072
40166832
73718246
42023236
83420734
22124015
20967746
86782536
27051000
39202061
54124422
59504758
3892200
78137981
97491485
30788231
19352566
5064440
75885433
44781900
76060577
41344666
95631589
85830482
89677494
49872151
19557005
59988592
3781387
53071808
14617902
69292601
80467242
63776244
39018428
12984658
17720297
82013917
96557251
66077759
84560321
49317299
96140384
48662380
82847726
22201895
87965349
19800655
53664327
81126404
37825427
80417544
16481018
10996204
28029210
3561253
70388173
43567533
79307044
29512210
8928892
94396405
58526404
37095369
29558699
65976281
89976307
10727517
33955994
90420391
27076297
5449179
23988344
44022453
95139634
55962741
87611042
86223340
31999867
47877588
10389576
31409306
94147143
69284802
78538288
54784699
95123039
854643
56290378
47585959
97276493
90279431
83479637
67117518
23651456
5379508
12177318
11431689
92020491
23671197
83120058
82919832
24799274
57545334
33049194
16028544
80328543
94032255
15025826
80440570
38074974
15381079
42618349
60618399
3365130
50545310
83436217
81888655
30529164
90187613
86148216
57277109
49592710
90634574
1572984
81007072
84081669
54537893
22016181
48032700
35769287
43207468
23430077
74015728
17356099
21827135
49242661
73900093
58758978
72214781
10939672
21248505
80320997
68227924
78894958
248387
6692415
75273747
71597561
99977099
4555098
43808502
67247760
5061950
39259433
92109082
23247313
49340971
1285670
73608254
88010701
90986582
55958687
96354842
69719637
75526269
24797526
17997599
22446292
56245096
319087
61105488
329420
75658060
20941769
56426312
68140968
21183955
17855068
57072891
80041512
15973307
30238790
93980963
53518034
63226128
23839604
67956762
4087995
57109332
28603720
42107515
31428356
5919252
51745375
74819872
74154135
74484988
70461981
24058307
66619332
7073897
31001980
47989840
32161255
17513758
94562032
65235193
1852394
82195426
5983412
57217563
66313609
3361845
27578142
99348483
84398248
80940137
86942161
12228780
102258
35891660
41099447
61792315
8338941
75720343
24677762
68227939
93560637
23500884
48654070
20923757
70801642
29329678
15834022
20673128
59700317
17403814
91139122
85196528
80001657
58522477
42851094
12569341
80469114
90471119
97913125
56401198
86598667
84558704
78201099
14451357
17740553
70211897
1714810
3780942
97038032
98953183
65462760
12451527
51351799
94318997
52294245
48934800
60868113
94874979
80283620
86409186
12483036
6203683
62012087
46491029
83268610
90023530
73417306
88348586
77191494
71146271
1668867
60739512
30157270
19079948
2185227
55996397
17847181
68656968
13674927
28541006
64673627
20124012
3508700
67912987
71727205
85737485
50980748
27262210
94295302
4402585
10639460
37365387
72408267
40831254
74154680
60398762
36210147
48958535
50032711
78338616
100892
43894071
48290492
42513416
26182904
16067280
4685322
32234853
31123426
